o Cube
v 0.261799 -0.261799 -0.333000
v 0.333000 -0.261799 -0.261799
v 0.261799 -0.333000 -0.261799
v 0.270381 -0.261799 -0.332481
v 0.278839 -0.261799 -0.330931
v 0.287048 -0.261799 -0.328373
v 0.294889 -0.261799 -0.324844
v 0.302245 -0.261799 -0.320397
v 0.309014 -0.261799 -0.315094
v 0.261799 -0.270381 -0.332481
v 0.270589 -0.270506 -0.331917
v 0.279297 -0.270565 -0.330258
v 0.287594 -0.270591 -0.327578
v 0.295323 -0.270583 -0.323997
v 0.302397 -0.270567 -0.319631
v 0.308792 -0.270559 -0.314568
v 0.261799 -0.278839 -0.330931
v 0.270676 -0.279205 -0.330267
v 0.279493 -0.279348 -0.328497
v 0.287751 -0.279311 -0.325748
v 0.295258 -0.279161 -0.322203
v 0.301960 -0.279002 -0.318019
v 0.307916 -0.278907 -0.313279
v 0.261799 -0.287048 -0.328373
v 0.270689 -0.287550 -0.327582
v 0.279455 -0.287668 -0.325742
v 0.287554 -0.287458 -0.323019
v 0.294765 -0.287046 -0.319639
v 0.301055 -0.286631 -0.315761
v 0.306549 -0.286375 -0.311428
v 0.261799 -0.294889 -0.324844
v 0.270657 -0.295335 -0.323980
v 0.279277 -0.295258 -0.322170
v 0.287129 -0.294741 -0.319617
v 0.293991 -0.293961 -0.316561
v 0.299859 -0.293214 -0.313123
v 0.304897 -0.292753 -0.309276
v 0.261799 -0.302245 -0.320397
v 0.270615 -0.302443 -0.319591
v 0.279075 -0.302006 -0.317964
v 0.286684 -0.301072 -0.315725
v 0.293235 -0.299858 -0.313111
v 0.298705 -0.298701 -0.310232
v 0.303250 -0.297933 -0.307030
v 0.261799 -0.309014 -0.315094
v 0.270575 -0.308847 -0.314516
v 0.278931 -0.307974 -0.313219
v 0.286393 -0.306579 -0.311392
v 0.292761 -0.304906 -0.309263
v 0.297934 -0.303251 -0.307027
v 0.301946 -0.301946 -0.304764
v 0.332481 -0.270381 -0.261799
v 0.330931 -0.278839 -0.261799
v 0.328373 -0.287048 -0.261799
v 0.324844 -0.294889 -0.261799
v 0.320397 -0.302245 -0.261799
v 0.315094 -0.309014 -0.261799
v 0.332481 -0.261799 -0.270381
v 0.331917 -0.270589 -0.270506
v 0.330258 -0.279297 -0.270565
v 0.327578 -0.287594 -0.270591
v 0.323997 -0.295323 -0.270583
v 0.319631 -0.302396 -0.270567
v 0.314568 -0.308792 -0.270559
v 0.330931 -0.261799 -0.278839
v 0.330267 -0.270676 -0.279205
v 0.328497 -0.279492 -0.279348
v 0.325748 -0.287751 -0.279311
v 0.322203 -0.295258 -0.279161
v 0.318019 -0.301960 -0.279002
v 0.313279 -0.307916 -0.278907
v 0.328373 -0.261799 -0.287048
v 0.327583 -0.270689 -0.287550
v 0.325742 -0.279455 -0.287668
v 0.323019 -0.287554 -0.287458
v 0.319639 -0.294764 -0.287046
v 0.315761 -0.301055 -0.286631
v 0.311428 -0.306549 -0.286375
v 0.324844 -0.261799 -0.294889
v 0.323980 -0.270657 -0.295335
v 0.322170 -0.279277 -0.295258
v 0.319617 -0.287129 -0.294741
v 0.316561 -0.293991 -0.293961
v 0.313123 -0.299859 -0.293214
v 0.309276 -0.304897 -0.292753
v 0.320397 -0.261799 -0.302245
v 0.319591 -0.270615 -0.302443
v 0.317964 -0.279075 -0.302006
v 0.315725 -0.286684 -0.301072
v 0.313111 -0.293235 -0.299858
v 0.310232 -0.298705 -0.298701
v 0.307030 -0.303250 -0.297933
v 0.315094 -0.261799 -0.309014
v 0.314516 -0.270575 -0.308847
v 0.313219 -0.278931 -0.307974
v 0.311392 -0.286393 -0.306579
v 0.309263 -0.292760 -0.304906
v 0.307027 -0.297934 -0.303251
v 0.304764 -0.301946 -0.301946
v 0.261799 -0.332481 -0.270381
v 0.261799 -0.330931 -0.278839
v 0.261799 -0.328373 -0.287048
v 0.261799 -0.324844 -0.294889
v 0.261799 -0.320397 -0.302245
v 0.261799 -0.315094 -0.309014
v 0.270381 -0.332481 -0.261799
v 0.270506 -0.331917 -0.270589
v 0.270565 -0.330258 -0.279297
v 0.270591 -0.327578 -0.287594
v 0.270583 -0.323997 -0.295323
v 0.270567 -0.319631 -0.302397
v 0.270559 -0.314568 -0.308792
v 0.278839 -0.330931 -0.261799
v 0.279205 -0.330267 -0.270676
v 0.279348 -0.328497 -0.279492
v 0.279311 -0.325748 -0.287751
v 0.279161 -0.322203 -0.295258
v 0.279002 -0.318019 -0.301960
v 0.278907 -0.313279 -0.307916
v 0.287048 -0.328373 -0.261799
v 0.287550 -0.327582 -0.270689
v 0.287668 -0.325742 -0.279455
v 0.287458 -0.323019 -0.287554
v 0.287046 -0.319639 -0.294765
v 0.286631 -0.315761 -0.301055
v 0.286375 -0.311428 -0.306549
v 0.294889 -0.324844 -0.261799
v 0.295335 -0.323980 -0.270657
v 0.295258 -0.322170 -0.279277
v 0.294741 -0.319617 -0.287129
v 0.293961 -0.316561 -0.293991
v 0.293214 -0.313123 -0.299859
v 0.292753 -0.309276 -0.304897
v 0.302245 -0.320397 -0.261799
v 0.302444 -0.319591 -0.270615
v 0.302006 -0.317964 -0.279075
v 0.301072 -0.315725 -0.286684
v 0.299858 -0.313111 -0.293235
v 0.298701 -0.310232 -0.298705
v 0.297933 -0.307030 -0.303250
v 0.309014 -0.315094 -0.261799
v 0.308847 -0.314516 -0.270575
v 0.307974 -0.313219 -0.278931
v 0.306579 -0.311392 -0.286393
v 0.304906 -0.309263 -0.292760
v 0.303251 -0.307027 -0.297934
v 0.301946 -0.304764 -0.301946
v 0.261799 -0.333000 0.261799
v 0.333000 -0.261799 0.261799
v 0.261799 -0.261799 0.333000
v 0.270381 -0.332481 0.261799
v 0.278839 -0.330931 0.261799
v 0.287048 -0.328373 0.261799
v 0.294889 -0.324844 0.261799
v 0.302245 -0.320397 0.261799
v 0.309014 -0.315094 0.261799
v 0.261799 -0.332481 0.270381
v 0.270589 -0.331917 0.270506
v 0.279297 -0.330258 0.270565
v 0.287594 -0.327578 0.270591
v 0.295323 -0.323997 0.270583
v 0.302397 -0.319631 0.270567
v 0.308792 -0.314568 0.270559
v 0.261799 -0.330931 0.278839
v 0.270676 -0.330267 0.279205
v 0.279492 -0.328497 0.279348
v 0.287751 -0.325748 0.279311
v 0.295258 -0.322203 0.279161
v 0.301960 -0.318019 0.279002
v 0.307916 -0.313279 0.278907
v 0.261799 -0.328373 0.287048
v 0.270689 -0.327582 0.287550
v 0.279455 -0.325742 0.287668
v 0.287554 -0.323019 0.287458
v 0.294765 -0.319639 0.287046
v 0.301055 -0.315761 0.286631
v 0.306549 -0.311428 0.286375
v 0.261799 -0.324844 0.294889
v 0.270657 -0.323980 0.295335
v 0.279277 -0.322170 0.295258
v 0.287129 -0.319617 0.294741
v 0.293991 -0.316561 0.293961
v 0.299859 -0.313123 0.293214
v 0.304897 -0.309276 0.292753
v 0.261799 -0.320397 0.302245
v 0.270615 -0.319591 0.302444
v 0.279075 -0.317964 0.302006
v 0.286684 -0.315725 0.301072
v 0.293235 -0.313111 0.299858
v 0.298705 -0.310232 0.298701
v 0.303250 -0.307030 0.297933
v 0.261799 -0.315094 0.309014
v 0.270575 -0.314516 0.308847
v 0.278931 -0.313219 0.307974
v 0.286393 -0.311392 0.306579
v 0.292760 -0.309263 0.304906
v 0.297934 -0.307027 0.303251
v 0.301946 -0.304764 0.301946
v 0.332481 -0.261799 0.270381
v 0.330931 -0.261799 0.278839
v 0.328373 -0.261799 0.287048
v 0.324844 -0.261799 0.294889
v 0.320397 -0.261799 0.302245
v 0.315094 -0.261799 0.309014
v 0.332481 -0.270381 0.261799
v 0.331917 -0.270506 0.270589
v 0.330258 -0.270565 0.279297
v 0.327578 -0.270591 0.287594
v 0.323997 -0.270583 0.295323
v 0.319631 -0.270567 0.302397
v 0.314568 -0.270559 0.308792
v 0.330931 -0.278839 0.261799
v 0.330267 -0.279205 0.270676
v 0.328497 -0.279348 0.279493
v 0.325748 -0.279311 0.287751
v 0.322203 -0.279161 0.295258
v 0.318019 -0.279002 0.301960
v 0.313279 -0.278907 0.307916
v 0.328373 -0.287048 0.261799
v 0.327582 -0.287550 0.270689
v 0.325742 -0.287668 0.279455
v 0.323019 -0.287458 0.287554
v 0.319639 -0.287046 0.294765
v 0.315761 -0.286631 0.301055
v 0.311428 -0.286375 0.306549
v 0.324844 -0.294889 0.261799
v 0.323980 -0.295335 0.270657
v 0.322170 -0.295258 0.279277
v 0.319617 -0.294741 0.287129
v 0.316561 -0.293961 0.293991
v 0.313123 -0.293214 0.299859
v 0.309276 -0.292753 0.304897
v 0.320397 -0.302245 0.261799
v 0.319591 -0.302443 0.270615
v 0.317964 -0.302006 0.279075
v 0.315725 -0.301072 0.286684
v 0.313111 -0.299858 0.293235
v 0.310232 -0.298701 0.298705
v 0.307030 -0.297933 0.303250
v 0.315094 -0.309014 0.261799
v 0.314516 -0.308847 0.270575
v 0.313219 -0.307974 0.278931
v 0.311392 -0.306579 0.286393
v 0.309263 -0.304906 0.292761
v 0.307027 -0.303251 0.297934
v 0.304764 -0.301946 0.301946
v 0.261799 -0.270381 0.332481
v 0.261799 -0.278839 0.330931
v 0.261799 -0.287048 0.328373
v 0.261799 -0.294889 0.324844
v 0.261799 -0.302245 0.320397
v 0.261799 -0.309014 0.315094
v 0.270381 -0.261799 0.332481
v 0.270506 -0.270589 0.331917
v 0.270565 -0.279297 0.330258
v 0.270591 -0.287594 0.327578
v 0.270583 -0.295323 0.323997
v 0.270567 -0.302396 0.319631
v 0.270559 -0.308792 0.314568
v 0.278839 -0.261799 0.330931
v 0.279205 -0.270676 0.330267
v 0.279348 -0.279492 0.328497
v 0.279311 -0.287751 0.325748
v 0.279161 -0.295258 0.322203
v 0.279002 -0.301960 0.318019
v 0.278907 -0.307916 0.313279
v 0.287048 -0.261799 0.328373
v 0.287550 -0.270689 0.327583
v 0.287668 -0.279455 0.325742
v 0.287458 -0.287554 0.323019
v 0.287046 -0.294764 0.319639
v 0.286631 -0.301055 0.315761
v 0.286375 -0.306549 0.311428
v 0.294889 -0.261799 0.324844
v 0.295335 -0.270657 0.323980
v 0.295258 -0.279277 0.322170
v 0.294741 -0.287129 0.319617
v 0.293961 -0.293991 0.316561
v 0.293214 -0.299859 0.313123
v 0.292753 -0.304897 0.309276
v 0.302245 -0.261799 0.320397
v 0.302443 -0.270615 0.319591
v 0.302006 -0.279075 0.317964
v 0.301072 -0.286684 0.315725
v 0.299858 -0.293235 0.313111
v 0.298701 -0.298705 0.310232
v 0.297933 -0.303250 0.307030
v 0.309014 -0.261799 0.315094
v 0.308847 -0.270575 0.314516
v 0.307974 -0.278931 0.313219
v 0.306579 -0.286393 0.311393
v 0.304906 -0.292760 0.309263
v 0.303251 -0.297934 0.307027
v 0.301946 -0.301946 0.304764
v -0.261799 -0.333000 0.261799
v -0.261799 -0.261799 0.333000
v -0.333000 -0.261799 0.261799
v -0.261799 -0.332481 0.270381
v -0.261799 -0.330931 0.278839
v -0.261799 -0.328373 0.287048
v -0.261799 -0.324844 0.294888
v -0.261799 -0.320397 0.302245
v -0.261799 -0.315094 0.309014
v -0.270381 -0.332481 0.261799
v -0.270506 -0.331917 0.270589
v -0.270565 -0.330258 0.279297
v -0.270591 -0.327578 0.287594
v -0.270583 -0.323997 0.295323
v -0.270567 -0.319631 0.302396
v -0.270559 -0.314568 0.308792
v -0.278839 -0.330931 0.261799
v -0.279205 -0.330267 0.270676
v -0.279348 -0.328497 0.279492
v -0.279311 -0.325748 0.287751
v -0.279161 -0.322203 0.295258
v -0.279002 -0.318019 0.301960
v -0.278907 -0.313279 0.307916
v -0.287048 -0.328373 0.261799
v -0.287550 -0.327582 0.270688
v -0.287668 -0.325742 0.279455
v -0.287458 -0.323019 0.287554
v -0.287046 -0.319639 0.294764
v -0.286631 -0.315761 0.301055
v -0.286375 -0.311428 0.306549
v -0.294889 -0.324844 0.261799
v -0.295335 -0.323980 0.270657
v -0.295258 -0.322170 0.279277
v -0.294741 -0.319617 0.287129
v -0.293961 -0.316561 0.293991
v -0.293214 -0.313123 0.299859
v -0.292753 -0.309276 0.304897
v -0.302245 -0.320397 0.261799
v -0.302444 -0.319591 0.270615
v -0.302006 -0.317964 0.279075
v -0.301072 -0.315725 0.286684
v -0.299858 -0.313111 0.293235
v -0.298701 -0.310232 0.298705
v -0.297933 -0.307030 0.303250
v -0.309014 -0.315094 0.261799
v -0.308847 -0.314516 0.270575
v -0.307974 -0.313219 0.278931
v -0.306579 -0.311392 0.286393
v -0.304906 -0.309263 0.292760
v -0.303251 -0.307027 0.297934
v -0.301946 -0.304764 0.301946
v -0.270381 -0.261799 0.332481
v -0.278839 -0.261799 0.330931
v -0.287048 -0.261799 0.328373
v -0.294889 -0.261799 0.324844
v -0.302245 -0.261799 0.320397
v -0.309014 -0.261799 0.315094
v -0.261799 -0.270381 0.332481
v -0.270589 -0.270506 0.331917
v -0.279297 -0.270565 0.330258
v -0.287594 -0.270591 0.327578
v -0.295323 -0.270583 0.323997
v -0.302397 -0.270567 0.319631
v -0.308792 -0.270559 0.314568
v -0.261799 -0.278839 0.330931
v -0.270676 -0.279205 0.330267
v -0.279493 -0.279348 0.328497
v -0.287751 -0.279311 0.325748
v -0.295258 -0.279161 0.322203
v -0.301960 -0.279002 0.318019
v -0.307916 -0.278907 0.313279
v -0.261799 -0.287048 0.328373
v -0.270689 -0.287550 0.327582
v -0.279455 -0.287668 0.325741
v -0.287554 -0.287458 0.323019
v -0.294765 -0.287046 0.319639
v -0.301055 -0.286631 0.315761
v -0.306549 -0.286375 0.311428
v -0.261799 -0.294889 0.324844
v -0.270657 -0.295335 0.323980
v -0.279277 -0.295258 0.322170
v -0.287129 -0.294741 0.319617
v -0.293991 -0.293961 0.316561
v -0.299859 -0.293214 0.313123
v -0.304897 -0.292753 0.309276
v -0.261799 -0.302245 0.320397
v -0.270615 -0.302443 0.319591
v -0.279075 -0.302006 0.317964
v -0.286684 -0.301072 0.315725
v -0.293235 -0.299858 0.313111
v -0.298705 -0.298701 0.310232
v -0.303250 -0.297933 0.307030
v -0.261799 -0.309014 0.315094
v -0.270575 -0.308847 0.314516
v -0.278931 -0.307974 0.313219
v -0.286393 -0.306579 0.311392
v -0.292761 -0.304906 0.309263
v -0.297934 -0.303251 0.307027
v -0.301946 -0.301946 0.304764
v -0.332481 -0.270381 0.261799
v -0.330931 -0.278839 0.261799
v -0.328373 -0.287048 0.261799
v -0.324844 -0.294889 0.261799
v -0.320397 -0.302245 0.261799
v -0.315094 -0.309014 0.261799
v -0.332481 -0.261799 0.270381
v -0.331917 -0.270589 0.270506
v -0.330258 -0.279297 0.270565
v -0.327578 -0.287594 0.270591
v -0.323997 -0.295323 0.270583
v -0.319631 -0.302396 0.270567
v -0.314568 -0.308792 0.270559
v -0.330931 -0.261799 0.278839
v -0.330267 -0.270676 0.279205
v -0.328497 -0.279492 0.279348
v -0.325748 -0.287751 0.279310
v -0.322203 -0.295258 0.279161
v -0.318019 -0.301960 0.279002
v -0.313279 -0.307916 0.278907
v -0.328373 -0.261799 0.287048
v -0.327583 -0.270689 0.287550
v -0.325742 -0.279455 0.287668
v -0.323019 -0.287554 0.287458
v -0.319639 -0.294764 0.287046
v -0.315761 -0.301055 0.286631
v -0.311428 -0.306549 0.286375
v -0.324844 -0.261799 0.294888
v -0.323980 -0.270657 0.295335
v -0.322170 -0.279277 0.295258
v -0.319617 -0.287129 0.294741
v -0.316561 -0.293991 0.293961
v -0.313123 -0.299859 0.293214
v -0.309276 -0.304897 0.292753
v -0.320397 -0.261799 0.302245
v -0.319591 -0.270615 0.302443
v -0.317964 -0.279075 0.302006
v -0.315725 -0.286684 0.301072
v -0.313111 -0.293235 0.299858
v -0.310232 -0.298705 0.298701
v -0.307030 -0.303250 0.297933
v -0.315094 -0.261799 0.309014
v -0.314516 -0.270575 0.308847
v -0.313219 -0.278931 0.307974
v -0.311392 -0.286393 0.306579
v -0.309263 -0.292760 0.304906
v -0.307027 -0.297934 0.303251
v -0.304764 -0.301946 0.301946
v -0.333000 -0.261799 -0.261799
v -0.261799 -0.261799 -0.333000
v -0.261799 -0.333000 -0.261799
v -0.332481 -0.261799 -0.270381
v -0.330931 -0.261799 -0.278839
v -0.328373 -0.261799 -0.287048
v -0.324844 -0.261799 -0.294889
v -0.320397 -0.261799 -0.302245
v -0.315094 -0.261799 -0.309014
v -0.332481 -0.270381 -0.261799
v -0.331917 -0.270506 -0.270589
v -0.330257 -0.270565 -0.279297
v -0.327578 -0.270591 -0.287595
v -0.323997 -0.270583 -0.295323
v -0.319631 -0.270567 -0.302397
v -0.314568 -0.270559 -0.308792
v -0.330931 -0.278839 -0.261799
v -0.330267 -0.279205 -0.270676
v -0.328497 -0.279348 -0.279493
v -0.325748 -0.279311 -0.287751
v -0.322203 -0.279161 -0.295258
v -0.318019 -0.279002 -0.301960
v -0.313279 -0.278907 -0.307916
v -0.328373 -0.287048 -0.261799
v -0.327582 -0.287550 -0.270689
v -0.325741 -0.287668 -0.279456
v -0.323019 -0.287458 -0.287554
v -0.319639 -0.287046 -0.294765
v -0.315761 -0.286631 -0.301055
v -0.311428 -0.286375 -0.306549
v -0.324844 -0.294889 -0.261799
v -0.323980 -0.295335 -0.270658
v -0.322170 -0.295258 -0.279277
v -0.319616 -0.294741 -0.287129
v -0.316561 -0.293961 -0.293991
v -0.313123 -0.293214 -0.299859
v -0.309276 -0.292753 -0.304897
v -0.320397 -0.302245 -0.261799
v -0.319591 -0.302443 -0.270615
v -0.317964 -0.302006 -0.279075
v -0.315725 -0.301072 -0.286684
v -0.313111 -0.299858 -0.293235
v -0.310232 -0.298701 -0.298705
v -0.307030 -0.297933 -0.303250
v -0.315094 -0.309014 -0.261799
v -0.314516 -0.308847 -0.270575
v -0.313219 -0.307974 -0.278931
v -0.311392 -0.306579 -0.286393
v -0.309263 -0.304906 -0.292761
v -0.307027 -0.303251 -0.297934
v -0.304764 -0.301946 -0.301946
v -0.261799 -0.270381 -0.332481
v -0.261799 -0.278839 -0.330931
v -0.261799 -0.287048 -0.328373
v -0.261799 -0.294889 -0.324844
v -0.261799 -0.302245 -0.320397
v -0.261799 -0.309014 -0.315094
v -0.270381 -0.261799 -0.332481
v -0.270506 -0.270589 -0.331917
v -0.270565 -0.279297 -0.330258
v -0.270591 -0.287594 -0.327578
v -0.270583 -0.295323 -0.323997
v -0.270567 -0.302396 -0.319631
v -0.270559 -0.308792 -0.314568
v -0.278839 -0.261799 -0.330931
v -0.279205 -0.270676 -0.330267
v -0.279348 -0.279492 -0.328497
v -0.279310 -0.287751 -0.325748
v -0.279161 -0.295258 -0.322203
v -0.279002 -0.301960 -0.318020
v -0.278907 -0.307916 -0.313279
v -0.287048 -0.261799 -0.328373
v -0.287550 -0.270689 -0.327583
v -0.287668 -0.279455 -0.325742
v -0.287458 -0.287554 -0.323019
v -0.287046 -0.294764 -0.319639
v -0.286631 -0.301055 -0.315761
v -0.286375 -0.306549 -0.311428
v -0.294888 -0.261799 -0.324844
v -0.295334 -0.270657 -0.323980
v -0.295258 -0.279277 -0.322170
v -0.294740 -0.287129 -0.319617
v -0.293961 -0.293991 -0.316561
v -0.293214 -0.299859 -0.313123
v -0.292753 -0.304897 -0.309276
v -0.302245 -0.261799 -0.320397
v -0.302443 -0.270615 -0.319591
v -0.302006 -0.279075 -0.317964
v -0.301072 -0.286684 -0.315725
v -0.299858 -0.293235 -0.313111
v -0.298701 -0.298705 -0.310232
v -0.297933 -0.303250 -0.307030
v -0.309014 -0.261799 -0.315094
v -0.308847 -0.270575 -0.314516
v -0.307973 -0.278931 -0.313219
v -0.306579 -0.286393 -0.311393
v -0.304906 -0.292760 -0.309263
v -0.303251 -0.297934 -0.307027
v -0.301946 -0.301946 -0.304764
v -0.270381 -0.332481 -0.261799
v -0.278839 -0.330931 -0.261799
v -0.287048 -0.328373 -0.261799
v -0.294888 -0.324844 -0.261799
v -0.302245 -0.320397 -0.261799
v -0.309014 -0.315094 -0.261799
v -0.261799 -0.332481 -0.270381
v -0.270589 -0.331917 -0.270506
v -0.279297 -0.330258 -0.270565
v -0.287594 -0.327578 -0.270591
v -0.295323 -0.323997 -0.270583
v -0.302396 -0.319631 -0.270567
v -0.308792 -0.314568 -0.270559
v -0.261799 -0.330931 -0.278839
v -0.270676 -0.330267 -0.279205
v -0.279492 -0.328497 -0.279348
v -0.287751 -0.325748 -0.279311
v -0.295258 -0.322203 -0.279161
v -0.301960 -0.318019 -0.279002
v -0.307916 -0.313279 -0.278907
v -0.261799 -0.328373 -0.287048
v -0.270688 -0.327582 -0.287550
v -0.279455 -0.325742 -0.287668
v -0.287554 -0.323019 -0.287458
v -0.294764 -0.319639 -0.287046
v -0.301055 -0.315761 -0.286631
v -0.306549 -0.311428 -0.286375
v -0.261799 -0.324844 -0.294889
v -0.270657 -0.323980 -0.295335
v -0.279277 -0.322170 -0.295258
v -0.287129 -0.319617 -0.294741
v -0.293991 -0.316561 -0.293961
v -0.299859 -0.313123 -0.293214
v -0.304897 -0.309276 -0.292753
v -0.261799 -0.320397 -0.302245
v -0.270615 -0.319591 -0.302444
v -0.279075 -0.317964 -0.302006
v -0.286684 -0.315725 -0.301072
v -0.293235 -0.313111 -0.299858
v -0.298705 -0.310232 -0.298701
v -0.303250 -0.307030 -0.297933
v -0.261799 -0.315094 -0.309014
v -0.270575 -0.314516 -0.308847
v -0.278931 -0.313219 -0.307974
v -0.286393 -0.311392 -0.306579
v -0.292760 -0.309263 -0.304906
v -0.297934 -0.307027 -0.303251
v -0.301946 -0.304764 -0.301946
v 0.333000 0.261799 -0.261799
v 0.261800 0.261799 -0.333000
v 0.261800 0.333000 -0.261799
v 0.332481 0.261799 -0.270380
v 0.330931 0.261799 -0.278838
v 0.328373 0.261799 -0.287048
v 0.324844 0.261799 -0.294888
v 0.320397 0.261799 -0.302245
v 0.315094 0.261799 -0.309014
v 0.332481 0.270381 -0.261799
v 0.331917 0.270506 -0.270589
v 0.330258 0.270565 -0.279297
v 0.327578 0.270591 -0.287594
v 0.323997 0.270583 -0.295323
v 0.319631 0.270567 -0.302396
v 0.314568 0.270559 -0.308791
v 0.330931 0.278839 -0.261799
v 0.330267 0.279205 -0.270676
v 0.328497 0.279348 -0.279492
v 0.325748 0.279311 -0.287751
v 0.322203 0.279161 -0.295258
v 0.318020 0.279002 -0.301960
v 0.313279 0.278907 -0.307916
v 0.328373 0.287048 -0.261799
v 0.327583 0.287550 -0.270688
v 0.325742 0.287668 -0.279455
v 0.323019 0.287458 -0.287554
v 0.319639 0.287046 -0.294764
v 0.315761 0.286631 -0.301055
v 0.311428 0.286375 -0.306549
v 0.324844 0.294889 -0.261799
v 0.323980 0.295335 -0.270657
v 0.322170 0.295258 -0.279277
v 0.319617 0.294741 -0.287129
v 0.316561 0.293961 -0.293991
v 0.313123 0.293214 -0.299859
v 0.309276 0.292753 -0.304897
v 0.320397 0.302245 -0.261799
v 0.319591 0.302443 -0.270615
v 0.317964 0.302006 -0.279075
v 0.315725 0.301072 -0.286684
v 0.313111 0.299858 -0.293235
v 0.310232 0.298701 -0.298705
v 0.307030 0.297933 -0.303250
v 0.315094 0.309014 -0.261799
v 0.314516 0.308847 -0.270575
v 0.313219 0.307974 -0.278931
v 0.311393 0.306579 -0.286393
v 0.309263 0.304906 -0.292760
v 0.307027 0.303251 -0.297934
v 0.304764 0.301946 -0.301946
v 0.261800 0.270381 -0.332481
v 0.261800 0.278839 -0.330931
v 0.261800 0.287048 -0.328373
v 0.261800 0.294889 -0.324844
v 0.261800 0.302245 -0.320397
v 0.261800 0.309014 -0.315094
v 0.270381 0.261799 -0.332481
v 0.270506 0.270589 -0.331917
v 0.270565 0.279297 -0.330257
v 0.270591 0.287594 -0.327578
v 0.270583 0.295323 -0.323997
v 0.270567 0.302396 -0.319631
v 0.270559 0.308792 -0.314568
v 0.278839 0.261799 -0.330931
v 0.279205 0.270676 -0.330267
v 0.279348 0.279492 -0.328497
v 0.279311 0.287751 -0.325748
v 0.279161 0.295258 -0.322203
v 0.279002 0.301960 -0.318019
v 0.278907 0.307916 -0.313279
v 0.287048 0.261799 -0.328373
v 0.287550 0.270689 -0.327582
v 0.287668 0.279455 -0.325741
v 0.287458 0.287554 -0.323019
v 0.287046 0.294764 -0.319639
v 0.286632 0.301055 -0.315761
v 0.286375 0.306549 -0.311428
v 0.294889 0.261799 -0.324844
v 0.295335 0.270657 -0.323980
v 0.295258 0.279277 -0.322170
v 0.294741 0.287129 -0.319616
v 0.293961 0.293991 -0.316561
v 0.293214 0.299859 -0.313123
v 0.292754 0.304897 -0.309276
v 0.302245 0.261799 -0.320397
v 0.302444 0.270615 -0.319591
v 0.302006 0.279075 -0.317964
v 0.301072 0.286684 -0.315725
v 0.299858 0.293235 -0.313110
v 0.298702 0.298705 -0.310232
v 0.297933 0.303250 -0.307029
v 0.309014 0.261799 -0.315094
v 0.308847 0.270575 -0.314515
v 0.307974 0.278931 -0.313219
v 0.306579 0.286393 -0.311392
v 0.304906 0.292760 -0.309263
v 0.303251 0.297934 -0.307027
v 0.301946 0.301946 -0.304764
v 0.270381 0.332481 -0.261799
v 0.278839 0.330931 -0.261799
v 0.287048 0.328373 -0.261799
v 0.294889 0.324844 -0.261799
v 0.302245 0.320397 -0.261799
v 0.309014 0.315094 -0.261799
v 0.261799 0.332481 -0.270380
v 0.270589 0.331917 -0.270506
v 0.279297 0.330258 -0.270565
v 0.287595 0.327578 -0.270591
v 0.295323 0.323997 -0.270583
v 0.302397 0.319631 -0.270567
v 0.308792 0.314568 -0.270559
v 0.261799 0.330931 -0.278838
v 0.270676 0.330267 -0.279205
v 0.279493 0.328497 -0.279347
v 0.287751 0.325748 -0.279310
v 0.295258 0.322203 -0.279161
v 0.301961 0.318019 -0.279002
v 0.307916 0.313279 -0.278907
v 0.261800 0.328373 -0.287048
v 0.270689 0.327582 -0.287550
v 0.279456 0.325742 -0.287668
v 0.287554 0.323019 -0.287457
v 0.294765 0.319639 -0.287046
v 0.301055 0.315761 -0.286631
v 0.306549 0.311428 -0.286375
v 0.261800 0.324844 -0.294888
v 0.270658 0.323980 -0.295334
v 0.279277 0.322170 -0.295257
v 0.287129 0.319617 -0.294740
v 0.293991 0.316561 -0.293961
v 0.299859 0.313123 -0.293214
v 0.304897 0.309276 -0.292753
v 0.261800 0.320397 -0.302245
v 0.270615 0.319591 -0.302443
v 0.279075 0.317964 -0.302006
v 0.286684 0.315725 -0.301072
v 0.293235 0.313111 -0.299858
v 0.298705 0.310232 -0.298701
v 0.303250 0.307030 -0.297933
v 0.261800 0.315094 -0.309014
v 0.270576 0.314516 -0.308847
v 0.278931 0.313219 -0.307973
v 0.286393 0.311392 -0.306579
v 0.292761 0.309263 -0.304906
v 0.297934 0.307027 -0.303251
v 0.301946 0.304764 -0.301946
v 0.261799 0.333000 0.261800
v 0.261799 0.261799 0.333000
v 0.333000 0.261799 0.261800
v 0.261799 0.332481 0.270381
v 0.261799 0.330931 0.278839
v 0.261799 0.328373 0.287048
v 0.261799 0.324844 0.294889
v 0.261799 0.320397 0.302245
v 0.261799 0.315094 0.309014
v 0.270380 0.332481 0.261800
v 0.270506 0.331917 0.270589
v 0.270565 0.330258 0.279297
v 0.270591 0.327578 0.287595
v 0.270583 0.323997 0.295323
v 0.270567 0.319631 0.302397
v 0.270559 0.314568 0.308792
v 0.278838 0.330931 0.261800
v 0.279205 0.330267 0.270676
v 0.279347 0.328497 0.279493
v 0.279310 0.325748 0.287751
v 0.279161 0.322203 0.295258
v 0.279002 0.318019 0.301961
v 0.278907 0.313279 0.307916
v 0.287048 0.328373 0.261800
v 0.287550 0.327582 0.270689
v 0.287668 0.325742 0.279456
v 0.287457 0.323019 0.287554
v 0.287046 0.319639 0.294765
v 0.286631 0.315761 0.301055
v 0.286375 0.311428 0.306549
v 0.294888 0.324844 0.261800
v 0.295334 0.323980 0.270658
v 0.295257 0.322170 0.279277
v 0.294740 0.319617 0.287129
v 0.293961 0.316561 0.293991
v 0.293214 0.313123 0.299859
v 0.292753 0.309276 0.304897
v 0.302245 0.320397 0.261800
v 0.302443 0.319591 0.270615
v 0.302006 0.317964 0.279075
v 0.301072 0.315725 0.286684
v 0.299858 0.313111 0.293235
v 0.298701 0.310232 0.298705
v 0.297933 0.307030 0.303250
v 0.309014 0.315094 0.261800
v 0.308847 0.314516 0.270576
v 0.307973 0.313219 0.278931
v 0.306579 0.311392 0.286393
v 0.304906 0.309263 0.292761
v 0.303251 0.307027 0.297935
v 0.301946 0.304764 0.301946
v 0.270380 0.261799 0.332481
v 0.278838 0.261799 0.330931
v 0.287048 0.261799 0.328373
v 0.294888 0.261799 0.324844
v 0.302245 0.261799 0.320397
v 0.309014 0.261799 0.315094
v 0.261799 0.270381 0.332481
v 0.270589 0.270506 0.331917
v 0.279297 0.270565 0.330258
v 0.287594 0.270591 0.327578
v 0.295323 0.270583 0.323997
v 0.302396 0.270567 0.319631
v 0.308791 0.270559 0.314568
v 0.261799 0.278839 0.330931
v 0.270676 0.279205 0.330267
v 0.279492 0.279348 0.328497
v 0.287751 0.279311 0.325748
v 0.295258 0.279161 0.322203
v 0.301960 0.279002 0.318020
v 0.307916 0.278907 0.313279
v 0.261799 0.287048 0.328373
v 0.270688 0.287550 0.327583
v 0.279455 0.287668 0.325742
v 0.287554 0.287458 0.323019
v 0.294764 0.287046 0.319639
v 0.301055 0.286631 0.315761
v 0.306549 0.286375 0.311428
v 0.261799 0.294889 0.324844
v 0.270657 0.295335 0.323980
v 0.279277 0.295258 0.322170
v 0.287129 0.294741 0.319617
v 0.293991 0.293961 0.316561
v 0.299859 0.293214 0.313123
v 0.304897 0.292753 0.309276
v 0.261799 0.302245 0.320397
v 0.270615 0.302443 0.319591
v 0.279075 0.302006 0.317964
v 0.286684 0.301072 0.315725
v 0.293235 0.299858 0.313111
v 0.298705 0.298701 0.310232
v 0.303249 0.297933 0.307030
v 0.261799 0.309014 0.315094
v 0.270575 0.308847 0.314516
v 0.278931 0.307974 0.313219
v 0.286393 0.306579 0.311393
v 0.292760 0.304906 0.309263
v 0.297934 0.303251 0.307027
v 0.301946 0.301946 0.304764
v 0.332481 0.270381 0.261800
v 0.330931 0.278839 0.261800
v 0.328373 0.287048 0.261800
v 0.324844 0.294889 0.261800
v 0.320397 0.302245 0.261800
v 0.315094 0.309014 0.261800
v 0.332481 0.261799 0.270381
v 0.331917 0.270589 0.270506
v 0.330257 0.279297 0.270565
v 0.327578 0.287594 0.270591
v 0.323997 0.295323 0.270583
v 0.319631 0.302396 0.270567
v 0.314568 0.308792 0.270559
v 0.330931 0.261799 0.278839
v 0.330267 0.270676 0.279205
v 0.328497 0.279492 0.279348
v 0.325748 0.287751 0.279311
v 0.322203 0.295258 0.279161
v 0.318019 0.301960 0.279002
v 0.313279 0.307916 0.278907
v 0.328373 0.261799 0.287048
v 0.327582 0.270689 0.287550
v 0.325741 0.279455 0.287668
v 0.323019 0.287554 0.287458
v 0.319639 0.294764 0.287046
v 0.315761 0.301055 0.286632
v 0.311428 0.306549 0.286375
v 0.324844 0.261799 0.294889
v 0.323980 0.270657 0.295335
v 0.322170 0.279277 0.295258
v 0.319616 0.287129 0.294741
v 0.316561 0.293991 0.293961
v 0.313123 0.299859 0.293214
v 0.309276 0.304897 0.292754
v 0.320397 0.261799 0.302245
v 0.319591 0.270615 0.302444
v 0.317964 0.279075 0.302006
v 0.315724 0.286684 0.301072
v 0.313110 0.293235 0.299859
v 0.310232 0.298705 0.298702
v 0.307029 0.303250 0.297933
v 0.315094 0.261799 0.309014
v 0.314515 0.270575 0.308847
v 0.313219 0.278931 0.307974
v 0.311392 0.286393 0.306579
v 0.309263 0.292760 0.304906
v 0.307027 0.297934 0.303251
v 0.304764 0.301946 0.301946
v -0.261799 0.333000 0.261799
v -0.333000 0.261799 0.261799
v -0.261800 0.261799 0.333000
v -0.270381 0.332481 0.261799
v -0.278839 0.330931 0.261799
v -0.287048 0.328373 0.261799
v -0.294889 0.324844 0.261799
v -0.302245 0.320397 0.261799
v -0.309014 0.315094 0.261799
v -0.261799 0.332481 0.270381
v -0.270589 0.331917 0.270506
v -0.279297 0.330258 0.270565
v -0.287595 0.327578 0.270591
v -0.295323 0.323997 0.270583
v -0.302397 0.319631 0.270567
v -0.308792 0.314568 0.270559
v -0.261799 0.330931 0.278839
v -0.270676 0.330267 0.279205
v -0.279493 0.328497 0.279348
v -0.287751 0.325748 0.279310
v -0.295258 0.322203 0.279161
v -0.301961 0.318019 0.279002
v -0.307916 0.313279 0.278907
v -0.261799 0.328373 0.287048
v -0.270689 0.327582 0.287550
v -0.279456 0.325742 0.287668
v -0.287554 0.323019 0.287458
v -0.294765 0.319639 0.287046
v -0.301055 0.315761 0.286631
v -0.306549 0.311428 0.286375
v -0.261800 0.324844 0.294888
v -0.270658 0.323980 0.295334
v -0.279277 0.322170 0.295258
v -0.287129 0.319617 0.294740
v -0.293991 0.316561 0.293961
v -0.299859 0.313123 0.293214
v -0.304897 0.309276 0.292753
v -0.261800 0.320397 0.302245
v -0.270615 0.319591 0.302443
v -0.279075 0.317964 0.302006
v -0.286684 0.315725 0.301072
v -0.293235 0.313111 0.299858
v -0.298705 0.310232 0.298701
v -0.303250 0.307030 0.297933
v -0.261800 0.315094 0.309014
v -0.270576 0.314516 0.308847
v -0.278931 0.313219 0.307973
v -0.286393 0.311392 0.306579
v -0.292761 0.309263 0.304906
v -0.297934 0.307027 0.303251
v -0.301946 0.304764 0.301946
v -0.332481 0.261799 0.270381
v -0.330931 0.261799 0.278838
v -0.328373 0.261799 0.287048
v -0.324844 0.261799 0.294888
v -0.320397 0.261799 0.302245
v -0.315094 0.261799 0.309014
v -0.332481 0.270381 0.261799
v -0.331917 0.270506 0.270589
v -0.330258 0.270565 0.279297
v -0.327578 0.270591 0.287594
v -0.323997 0.270583 0.295323
v -0.319631 0.270567 0.302396
v -0.314568 0.270559 0.308792
v -0.330931 0.278839 0.261799
v -0.330267 0.279205 0.270676
v -0.328497 0.279348 0.279492
v -0.325748 0.279311 0.287751
v -0.322203 0.279161 0.295258
v -0.318020 0.279002 0.301960
v -0.313279 0.278907 0.307916
v -0.328373 0.287048 0.261799
v -0.327583 0.287550 0.270688
v -0.325742 0.287668 0.279455
v -0.323019 0.287458 0.287554
v -0.319639 0.287046 0.294764
v -0.315761 0.286631 0.301055
v -0.311428 0.286375 0.306549
v -0.324844 0.294889 0.261799
v -0.323980 0.295335 0.270657
v -0.322170 0.295258 0.279277
v -0.319617 0.294741 0.287129
v -0.316561 0.293961 0.293991
v -0.313123 0.293214 0.299859
v -0.309276 0.292753 0.304897
v -0.320397 0.302245 0.261799
v -0.319591 0.302443 0.270615
v -0.317964 0.302006 0.279075
v -0.315725 0.301072 0.286684
v -0.313111 0.299858 0.293235
v -0.310232 0.298701 0.298705
v -0.307030 0.297933 0.303250
v -0.315094 0.309014 0.261799
v -0.314516 0.308847 0.270575
v -0.313219 0.307974 0.278931
v -0.311393 0.306579 0.286393
v -0.309263 0.304906 0.292760
v -0.307027 0.303251 0.297934
v -0.304764 0.301946 0.301946
v -0.261800 0.270381 0.332481
v -0.261800 0.278839 0.330931
v -0.261800 0.287048 0.328373
v -0.261800 0.294889 0.324844
v -0.261800 0.302245 0.320397
v -0.261800 0.309014 0.315094
v -0.270381 0.261799 0.332481
v -0.270506 0.270589 0.331917
v -0.270565 0.279297 0.330257
v -0.270591 0.287594 0.327578
v -0.270583 0.295323 0.323997
v -0.270567 0.302396 0.319631
v -0.270559 0.308792 0.314568
v -0.278839 0.261799 0.330931
v -0.279205 0.270676 0.330267
v -0.279348 0.279492 0.328497
v -0.279311 0.287751 0.325748
v -0.279161 0.295258 0.322203
v -0.279002 0.301960 0.318019
v -0.278907 0.307916 0.313279
v -0.287048 0.261799 0.328373
v -0.287550 0.270689 0.327582
v -0.287668 0.279455 0.325741
v -0.287458 0.287554 0.323019
v -0.287046 0.294764 0.319639
v -0.286632 0.301055 0.315761
v -0.286375 0.306549 0.311428
v -0.294889 0.261799 0.324844
v -0.295335 0.270657 0.323980
v -0.295258 0.279277 0.322170
v -0.294741 0.287129 0.319616
v -0.293961 0.293991 0.316561
v -0.293214 0.299859 0.313123
v -0.292753 0.304897 0.309276
v -0.302245 0.261799 0.320397
v -0.302444 0.270615 0.319591
v -0.302006 0.279075 0.317964
v -0.301072 0.286684 0.315725
v -0.299858 0.293235 0.313110
v -0.298702 0.298705 0.310232
v -0.297933 0.303250 0.307030
v -0.309014 0.261799 0.315094
v -0.308847 0.270575 0.314516
v -0.307974 0.278931 0.313219
v -0.306579 0.286393 0.311392
v -0.304906 0.292760 0.309263
v -0.303251 0.297934 0.307027
v -0.301946 0.301946 0.304764
v -0.261799 0.261799 -0.333000
v -0.333000 0.261799 -0.261799
v -0.261799 0.333000 -0.261799
v -0.270381 0.261799 -0.332481
v -0.278839 0.261799 -0.330931
v -0.287048 0.261799 -0.328373
v -0.294889 0.261799 -0.324844
v -0.302245 0.261799 -0.320397
v -0.309014 0.261799 -0.315094
v -0.261799 0.270381 -0.332481
v -0.270589 0.270506 -0.331917
v -0.279297 0.270565 -0.330258
v -0.287594 0.270591 -0.327578
v -0.295323 0.270583 -0.323997
v -0.302396 0.270567 -0.319631
v -0.308792 0.270559 -0.314568
v -0.261799 0.278839 -0.330931
v -0.270676 0.279205 -0.330267
v -0.279492 0.279348 -0.328497
v -0.287751 0.279311 -0.325748
v -0.295258 0.279161 -0.322203
v -0.301960 0.279002 -0.318019
v -0.307916 0.278907 -0.313279
v -0.261799 0.287048 -0.328373
v -0.270688 0.287550 -0.327582
v -0.279455 0.287668 -0.325742
v -0.287554 0.287458 -0.323019
v -0.294764 0.287046 -0.319639
v -0.301055 0.286631 -0.315761
v -0.306549 0.286375 -0.311428
v -0.261799 0.294889 -0.324844
v -0.270657 0.295335 -0.323980
v -0.279277 0.295258 -0.322170
v -0.287129 0.294741 -0.319617
v -0.293991 0.293961 -0.316561
v -0.299859 0.293214 -0.313123
v -0.304897 0.292753 -0.309276
v -0.261799 0.302245 -0.320397
v -0.270615 0.302443 -0.319591
v -0.279075 0.302006 -0.317964
v -0.286684 0.301072 -0.315725
v -0.293235 0.299858 -0.313111
v -0.298705 0.298701 -0.310232
v -0.303250 0.297933 -0.307030
v -0.261799 0.309014 -0.315094
v -0.270575 0.308847 -0.314516
v -0.278931 0.307974 -0.313219
v -0.286393 0.306579 -0.311392
v -0.292760 0.304906 -0.309263
v -0.297934 0.303251 -0.307027
v -0.301946 0.301946 -0.304764
v -0.332481 0.270381 -0.261799
v -0.330931 0.278839 -0.261799
v -0.328373 0.287048 -0.261799
v -0.324844 0.294889 -0.261799
v -0.320397 0.302245 -0.261799
v -0.315094 0.309014 -0.261799
v -0.332481 0.261799 -0.270381
v -0.331917 0.270589 -0.270506
v -0.330258 0.279297 -0.270565
v -0.327578 0.287594 -0.270591
v -0.323997 0.295323 -0.270583
v -0.319631 0.302396 -0.270567
v -0.314568 0.308792 -0.270559
v -0.330931 0.261799 -0.278839
v -0.330267 0.270676 -0.279205
v -0.328497 0.279492 -0.279348
v -0.325748 0.287751 -0.279311
v -0.322203 0.295258 -0.279161
v -0.318019 0.301960 -0.279002
v -0.313279 0.307916 -0.278907
v -0.328373 0.261799 -0.287048
v -0.327582 0.270689 -0.287550
v -0.325741 0.279455 -0.287668
v -0.323019 0.287554 -0.287458
v -0.319639 0.294764 -0.287046
v -0.315761 0.301055 -0.286631
v -0.311428 0.306549 -0.286375
v -0.324844 0.261799 -0.294889
v -0.323980 0.270657 -0.295335
v -0.322170 0.279277 -0.295258
v -0.319617 0.287129 -0.294741
v -0.316561 0.293991 -0.293961
v -0.313123 0.299859 -0.293214
v -0.309276 0.304897 -0.292753
v -0.320397 0.261799 -0.302245
v -0.319591 0.270615 -0.302443
v -0.317964 0.279075 -0.302006
v -0.315725 0.286684 -0.301072
v -0.313111 0.293235 -0.299858
v -0.310232 0.298705 -0.298701
v -0.307030 0.303250 -0.297933
v -0.315094 0.261799 -0.309014
v -0.314516 0.270575 -0.308847
v -0.313219 0.278931 -0.307974
v -0.311392 0.286393 -0.306579
v -0.309263 0.292760 -0.304906
v -0.307027 0.297934 -0.303251
v -0.304764 0.301946 -0.301946
v -0.261799 0.332481 -0.270381
v -0.261799 0.330931 -0.278839
v -0.261799 0.328373 -0.287048
v -0.261799 0.324844 -0.294889
v -0.261799 0.320397 -0.302245
v -0.261799 0.315094 -0.309014
v -0.270381 0.332481 -0.261799
v -0.270506 0.331917 -0.270589
v -0.270565 0.330258 -0.279297
v -0.270591 0.327578 -0.287594
v -0.270583 0.323997 -0.295323
v -0.270567 0.319631 -0.302396
v -0.270559 0.314568 -0.308792
v -0.278839 0.330931 -0.261799
v -0.279205 0.330267 -0.270676
v -0.279348 0.328497 -0.279492
v -0.279311 0.325748 -0.287751
v -0.279161 0.322203 -0.295258
v -0.279002 0.318019 -0.301960
v -0.278907 0.313279 -0.307916
v -0.287048 0.328373 -0.261799
v -0.287550 0.327582 -0.270689
v -0.287668 0.325742 -0.279455
v -0.287458 0.323019 -0.287554
v -0.287046 0.319639 -0.294765
v -0.286631 0.315761 -0.301055
v -0.286375 0.311428 -0.306549
v -0.294889 0.324844 -0.261799
v -0.295335 0.323980 -0.270657
v -0.295258 0.322170 -0.279277
v -0.294741 0.319617 -0.287129
v -0.293961 0.316561 -0.293991
v -0.293214 0.313123 -0.299859
v -0.292753 0.309276 -0.304897
v -0.302245 0.320397 -0.261799
v -0.302443 0.319591 -0.270615
v -0.302006 0.317964 -0.279075
v -0.301072 0.315725 -0.286684
v -0.299858 0.313111 -0.293235
v -0.298701 0.310232 -0.298705
v -0.297933 0.307030 -0.303250
v -0.309014 0.315094 -0.261799
v -0.308847 0.314516 -0.270575
v -0.307974 0.313219 -0.278931
v -0.306579 0.311392 -0.286393
v -0.304906 0.309263 -0.292760
v -0.303251 0.307027 -0.297934
v -0.301946 0.304764 -0.301946
vt 0.702303 0.106908
vt 0.964364 0.106908
vt 0.964364 0.893092
vt 0.702303 0.893092
vt 0.368969 0.106908
vt 0.631031 0.106908
vt 0.631031 0.893092
vt 0.368969 0.893092
vt 0.035636 0.893092
vt 0.035636 0.106908
vt 0.297697 0.106908
vt 0.297697 0.893092
vt 0.297697 0.106989
vt 0.297697 0.893101
vt 0.035636 0.893094
vt 0.035636 0.106916
vt 0.964364 0.094023
vt 0.968722 0.093710
vt 0.968659 0.106908
vt 0.964364 0.081323
vt 0.968751 0.080635
vt 0.964364 0.068996
vt 0.968764 0.068177
vt 0.964364 0.057224
vt 0.968760 0.056573
vt 0.964364 0.046178
vt 0.968752 0.045951
vt 0.964364 0.036016
vt 0.968748 0.036349
vt 0.964364 0.026886
vt 0.968756 0.027754
vt 0.973075 0.093579
vt 0.972892 0.106908
vt 0.973147 0.080342
vt 0.973128 0.067942
vt 0.973054 0.056670
vt 0.972974 0.046606
vt 0.972926 0.037664
vt 0.972938 0.029701
vt 0.977252 0.093561
vt 0.977001 0.106908
vt 0.977311 0.080397
vt 0.977206 0.068237
vt 0.977000 0.057411
vt 0.976792 0.047965
vt 0.976664 0.039716
vt 0.976673 0.032444
vt 0.981148 0.093607
vt 0.980925 0.106908
vt 0.981110 0.080665
vt 0.980851 0.068876
vt 0.980461 0.058572
vt 0.980087 0.049762
vt 0.979857 0.042197
vt 0.979860 0.035642
vt 0.984706 0.093671
vt 0.984607 0.106908
vt 0.984488 0.080968
vt 0.984020 0.069543
vt 0.983413 0.059707
vt 0.982834 0.051494
vt 0.982449 0.044670
vt 0.982450 0.038998
vt 0.987912 0.093731
vt 0.987995 0.106908
vt 0.987474 0.081184
vt 0.986776 0.069981
vt 0.985939 0.060420
vt 0.985111 0.052651
vt 0.984458 0.046627
vt 0.984458 0.042396
vt 0.297697 0.094105
vt 0.302055 0.093793
vt 0.301992 0.106990
vt 0.297697 0.081407
vt 0.302085 0.080719
vt 0.297697 0.069081
vt 0.302098 0.068262
vt 0.297697 0.057309
vt 0.302094 0.056659
vt 0.297697 0.046264
vt 0.302086 0.046038
vt 0.297697 0.036102
vt 0.302082 0.036437
vt 0.297697 0.026973
vt 0.302090 0.027843
vt 0.306409 0.093664
vt 0.306226 0.106991
vt 0.306480 0.080427
vt 0.306462 0.068029
vt 0.306387 0.056758
vt 0.306307 0.046694
vt 0.306260 0.037753
vt 0.306272 0.029791
vt 0.310586 0.093646
vt 0.310334 0.106992
vt 0.310645 0.080484
vt 0.310539 0.068325
vt 0.310333 0.057499
vt 0.310126 0.048055
vt 0.309998 0.039806
vt 0.310006 0.032534
vt 0.314482 0.093694
vt 0.314259 0.106993
vt 0.314443 0.080752
vt 0.314184 0.068964
vt 0.313794 0.058661
vt 0.313420 0.049852
vt 0.313190 0.042288
vt 0.313193 0.035733
vt 0.318040 0.093758
vt 0.317941 0.106994
vt 0.317821 0.081057
vt 0.317353 0.069633
vt 0.316746 0.059797
vt 0.316167 0.051585
vt 0.315782 0.044761
vt 0.315783 0.039090
vt 0.321245 0.093819
vt 0.321328 0.106995
vt 0.320808 0.081273
vt 0.320110 0.070071
vt 0.319272 0.060510
vt 0.318444 0.052742
vt 0.317791 0.046719
vt 0.317791 0.042488
vt 0.698008 0.106908
vt 0.697903 0.093835
vt 0.702303 0.094023
vt 0.693775 0.106908
vt 0.693545 0.093746
vt 0.689665 0.106908
vt 0.689392 0.093707
vt 0.685742 0.106908
vt 0.685524 0.093719
vt 0.682060 0.106908
vt 0.681984 0.093743
vt 0.678672 0.106908
vt 0.678783 0.093755
vt 0.675629 0.106908
vt 0.675918 0.093731
vt 0.697860 0.080774
vt 0.702303 0.081323
vt 0.693447 0.080559
vt 0.689314 0.080615
vt 0.685557 0.080839
vt 0.682202 0.081078
vt 0.679221 0.081221
vt 0.676567 0.081184
vt 0.697854 0.068243
vt 0.702303 0.068996
vt 0.693466 0.068066
vt 0.689412 0.068382
vt 0.685804 0.069000
vt 0.682655 0.069622
vt 0.679905 0.070007
vt 0.677481 0.069981
vt 0.697869 0.056555
vt 0.702303 0.057224
vt 0.693555 0.056670
vt 0.689625 0.057447
vt 0.686191 0.058617
vt 0.683254 0.059738
vt 0.680732 0.060430
vt 0.678547 0.060420
vt 0.697890 0.045881
vt 0.702303 0.046178
vt 0.693656 0.046537
vt 0.689848 0.047940
vt 0.686569 0.049762
vt 0.683831 0.051499
vt 0.681557 0.052653
vt 0.679666 0.052651
vt 0.697910 0.036265
vt 0.702303 0.036016
vt 0.693728 0.037577
vt 0.689994 0.039671
vt 0.686807 0.042183
vt 0.684217 0.044668
vt 0.682209 0.046627
vt 0.680799 0.046627
vt 0.682209 0.042396
vt 0.964364 0.046179
vt 0.972939 0.029701
vt 0.981149 0.093608
vt 0.982450 0.038999
vt 0.031341 0.106915
vt 0.031237 0.093842
vt 0.035636 0.094032
vt 0.027108 0.106914
vt 0.026878 0.093752
vt 0.022999 0.106913
vt 0.022725 0.093712
vt 0.019075 0.106912
vt 0.018857 0.093723
vt 0.015393 0.106911
vt 0.015317 0.093747
vt 0.012005 0.106910
vt 0.012116 0.093758
vt 0.008962 0.106910
vt 0.009251 0.093733
vt 0.031193 0.080781
vt 0.035636 0.081332
vt 0.026781 0.080566
vt 0.022647 0.080620
vt 0.018890 0.080843
vt 0.015535 0.081082
vt 0.012555 0.081224
vt 0.009900 0.081186
vt 0.031187 0.068251
vt 0.035636 0.069005
vt 0.026799 0.068072
vt 0.022746 0.068387
vt 0.019137 0.069005
vt 0.015988 0.069626
vt 0.013239 0.070010
vt 0.010815 0.069983
vt 0.031202 0.056563
vt 0.035636 0.057234
vt 0.026888 0.056677
vt 0.022959 0.057452
vt 0.019524 0.058622
vt 0.016587 0.059742
vt 0.014066 0.060434
vt 0.011881 0.060422
vt 0.031224 0.045889
vt 0.035636 0.046188
vt 0.026989 0.046544
vt 0.023181 0.047946
vt 0.019902 0.049767
vt 0.017165 0.051504
vt 0.014890 0.052657
vt 0.012999 0.052654
vt 0.031244 0.036274
vt 0.035636 0.036025
vt 0.027061 0.037584
vt 0.023327 0.039677
vt 0.020140 0.042188
vt 0.017550 0.044672
vt 0.015542 0.046631
vt 0.014132 0.046631
vt 0.364674 0.106908
vt 0.364570 0.093835
vt 0.368969 0.094023
vt 0.360441 0.106908
vt 0.360212 0.093746
vt 0.356332 0.106908
vt 0.356059 0.093707
vt 0.352408 0.106908
vt 0.352191 0.093719
vt 0.348726 0.106908
vt 0.348650 0.093743
vt 0.345339 0.106908
vt 0.345450 0.093755
vt 0.342295 0.106908
vt 0.342585 0.093731
vt 0.364527 0.080774
vt 0.368969 0.081323
vt 0.360114 0.080559
vt 0.355981 0.080615
vt 0.352223 0.080839
vt 0.348869 0.081078
vt 0.345888 0.081221
vt 0.343234 0.081184
vt 0.364520 0.068243
vt 0.368969 0.068996
vt 0.360132 0.068066
vt 0.356079 0.068382
vt 0.352470 0.069000
vt 0.349322 0.069623
vt 0.346572 0.070007
vt 0.344148 0.069981
vt 0.364536 0.056555
vt 0.368969 0.057224
vt 0.360222 0.056670
vt 0.356292 0.057447
vt 0.352857 0.058617
vt 0.349921 0.059739
vt 0.347399 0.060430
vt 0.345214 0.060420
vt 0.364557 0.045881
vt 0.368969 0.046178
vt 0.360323 0.046537
vt 0.356514 0.047940
vt 0.353236 0.049762
vt 0.350498 0.051499
vt 0.348223 0.052653
vt 0.346333 0.052651
vt 0.364577 0.036265
vt 0.368969 0.036016
vt 0.360395 0.037577
vt 0.356660 0.039671
vt 0.353473 0.042183
vt 0.350884 0.044668
vt 0.348876 0.046627
vt 0.347465 0.046627
vt 0.348876 0.042396
vt 0.968659 0.893092
vt 0.968763 0.906165
vt 0.964364 0.905977
vt 0.972892 0.893092
vt 0.973122 0.906254
vt 0.977001 0.893092
vt 0.977275 0.906293
vt 0.980925 0.893092
vt 0.981142 0.906281
vt 0.984607 0.893092
vt 0.984683 0.906257
vt 0.987995 0.893092
vt 0.987884 0.906245
vt 0.991038 0.893092
vt 0.990749 0.906269
vt 0.968807 0.919226
vt 0.964364 0.918677
vt 0.973220 0.919441
vt 0.977353 0.919385
vt 0.981110 0.919161
vt 0.984465 0.918922
vt 0.987445 0.918779
vt 0.990099 0.918816
vt 0.968813 0.931757
vt 0.964364 0.931004
vt 0.973201 0.931934
vt 0.977254 0.931618
vt 0.980863 0.931000
vt 0.984012 0.930377
vt 0.986761 0.929993
vt 0.989185 0.930019
vt 0.968798 0.943445
vt 0.964364 0.942776
vt 0.973112 0.943330
vt 0.977041 0.942553
vt 0.980476 0.941383
vt 0.983413 0.940261
vt 0.985934 0.939570
vt 0.988120 0.939580
vt 0.968776 0.954119
vt 0.964364 0.953822
vt 0.973011 0.953463
vt 0.976819 0.952060
vt 0.980098 0.950238
vt 0.982835 0.948501
vt 0.985110 0.947347
vt 0.987000 0.947349
vt 0.968757 0.963735
vt 0.964364 0.963984
vt 0.972939 0.962423
vt 0.976673 0.960329
vt 0.979860 0.957817
vt 0.982450 0.955332
vt 0.984457 0.953373
vt 0.985868 0.953373
vt 0.368969 0.905977
vt 0.364612 0.906290
vt 0.364674 0.893092
vt 0.368969 0.918677
vt 0.364582 0.919365
vt 0.368969 0.931004
vt 0.364569 0.931823
vt 0.368969 0.942776
vt 0.364573 0.943428
vt 0.368969 0.953822
vt 0.364581 0.954049
vt 0.368969 0.963985
vt 0.364585 0.963651
vt 0.368969 0.973114
vt 0.364577 0.972246
vt 0.360258 0.906421
vt 0.360441 0.893092
vt 0.360186 0.919658
vt 0.360205 0.932058
vt 0.360280 0.943330
vt 0.360359 0.953394
vt 0.360407 0.962336
vt 0.360395 0.970299
vt 0.356081 0.906439
vt 0.356332 0.893092
vt 0.356022 0.919603
vt 0.356127 0.931763
vt 0.356334 0.942589
vt 0.356541 0.952035
vt 0.356669 0.960284
vt 0.356660 0.967556
vt 0.352185 0.906393
vt 0.352408 0.893092
vt 0.352223 0.919335
vt 0.352482 0.931124
vt 0.352872 0.941428
vt 0.353246 0.950239
vt 0.353477 0.957803
vt 0.353473 0.964358
vt 0.348627 0.906329
vt 0.348726 0.893092
vt 0.348846 0.919032
vt 0.349313 0.930457
vt 0.349921 0.940293
vt 0.350500 0.948506
vt 0.350884 0.955330
vt 0.350884 0.961002
vt 0.345422 0.906269
vt 0.345339 0.893092
vt 0.345859 0.918816
vt 0.346557 0.930019
vt 0.347394 0.939580
vt 0.348223 0.947349
vt 0.348876 0.953373
vt 0.348876 0.957604
vt 0.035636 0.905977
vt 0.031278 0.906290
vt 0.031341 0.893092
vt 0.035636 0.918676
vt 0.031249 0.919365
vt 0.035636 0.931003
vt 0.031236 0.931823
vt 0.035636 0.942776
vt 0.031240 0.943427
vt 0.035636 0.953821
vt 0.031248 0.954049
vt 0.035636 0.963984
vt 0.031252 0.963651
vt 0.035636 0.973114
vt 0.031244 0.972246
vt 0.026925 0.906420
vt 0.027108 0.893092
vt 0.026853 0.919658
vt 0.026872 0.932058
vt 0.026946 0.943330
vt 0.027026 0.953394
vt 0.027074 0.962336
vt 0.027061 0.970299
vt 0.022748 0.906439
vt 0.022999 0.893092
vt 0.022689 0.919603
vt 0.022794 0.931763
vt 0.023000 0.942589
vt 0.023207 0.952035
vt 0.023336 0.960284
vt 0.023327 0.967556
vt 0.018852 0.906392
vt 0.019075 0.893092
vt 0.018890 0.919335
vt 0.019149 0.931124
vt 0.019539 0.941428
vt 0.019913 0.950238
vt 0.020143 0.957803
vt 0.020140 0.964358
vt 0.015294 0.906329
vt 0.015393 0.893092
vt 0.015512 0.919032
vt 0.015980 0.930457
vt 0.016587 0.940293
vt 0.017166 0.948506
vt 0.017551 0.955330
vt 0.017550 0.961001
vt 0.012088 0.906269
vt 0.012005 0.893092
vt 0.012526 0.918816
vt 0.013224 0.930019
vt 0.014061 0.939580
vt 0.014889 0.947349
vt 0.015542 0.953373
vt 0.015542 0.957604
vt 0.014132 0.953373
vt 0.301992 0.893092
vt 0.302097 0.906165
vt 0.297697 0.905977
vt 0.306226 0.893092
vt 0.306455 0.906254
vt 0.310335 0.893092
vt 0.310608 0.906293
vt 0.314259 0.893092
vt 0.314476 0.906281
vt 0.317941 0.893092
vt 0.318016 0.906257
vt 0.321328 0.893092
vt 0.321217 0.906245
vt 0.324372 0.893092
vt 0.324082 0.906269
vt 0.302140 0.919226
vt 0.297697 0.918676
vt 0.306553 0.919441
vt 0.310686 0.919385
vt 0.314443 0.919161
vt 0.317798 0.918922
vt 0.320779 0.918779
vt 0.323433 0.918816
vt 0.302146 0.931757
vt 0.297697 0.931003
vt 0.306534 0.931934
vt 0.310588 0.931618
vt 0.314196 0.931000
vt 0.317345 0.930377
vt 0.320095 0.929993
vt 0.322519 0.930019
vt 0.302131 0.943445
vt 0.297697 0.942776
vt 0.306445 0.943330
vt 0.310375 0.942553
vt 0.313809 0.941383
vt 0.316746 0.940261
vt 0.319268 0.939570
vt 0.321453 0.939580
vt 0.302110 0.954119
vt 0.297697 0.953822
vt 0.306344 0.953463
vt 0.310152 0.952060
vt 0.313431 0.950238
vt 0.316169 0.948501
vt 0.318443 0.947347
vt 0.320334 0.947349
vt 0.302090 0.963735
vt 0.297697 0.963984
vt 0.306272 0.962423
vt 0.310006 0.960329
vt 0.313193 0.957817
vt 0.315783 0.955332
vt 0.317791 0.953373
vt 0.319201 0.953373
vt 0.977274 0.906293
vt 0.981143 0.906281
vt 0.973219 0.919441
vt 0.984012 0.930378
vt 0.968797 0.943445
vt 0.977041 0.942554
vt 0.988119 0.939580
vt 0.987001 0.947349
vt 0.972938 0.962423
vt 0.984458 0.953373
vt 0.702303 0.905977
vt 0.697945 0.906290
vt 0.698008 0.893092
vt 0.702303 0.918677
vt 0.697915 0.919365
vt 0.702303 0.931003
vt 0.697902 0.931823
vt 0.702303 0.942776
vt 0.697906 0.943428
vt 0.702303 0.953822
vt 0.697914 0.954049
vt 0.702303 0.963985
vt 0.697918 0.963651
vt 0.702303 0.973114
vt 0.697910 0.972246
vt 0.693591 0.906421
vt 0.693775 0.893092
vt 0.693520 0.919658
vt 0.693538 0.932058
vt 0.693613 0.943330
vt 0.693693 0.953394
vt 0.693740 0.962336
vt 0.693728 0.970299
vt 0.689414 0.906439
vt 0.689666 0.893092
vt 0.689355 0.919603
vt 0.689461 0.931763
vt 0.689667 0.942589
vt 0.689874 0.952035
vt 0.690002 0.960284
vt 0.689994 0.967556
vt 0.685518 0.906393
vt 0.685741 0.893092
vt 0.685557 0.919335
vt 0.685816 0.931124
vt 0.686206 0.941428
vt 0.686580 0.950238
vt 0.686810 0.957803
vt 0.686807 0.964358
vt 0.681960 0.906329
vt 0.682060 0.893092
vt 0.682179 0.919032
vt 0.682647 0.930457
vt 0.683254 0.940293
vt 0.683833 0.948506
vt 0.684218 0.955330
vt 0.684217 0.961002
vt 0.678755 0.906269
vt 0.678672 0.893092
vt 0.679192 0.918816
vt 0.679890 0.930019
vt 0.680728 0.939580
vt 0.681556 0.947349
vt 0.682209 0.953373
vt 0.682209 0.957604
vt 0.680799 0.953373
vt 0.301992 0.893101
vt 0.302097 0.906173
vt 0.297697 0.905984
vt 0.306226 0.893101
vt 0.306455 0.906262
vt 0.310335 0.893101
vt 0.310608 0.906301
vt 0.314259 0.893101
vt 0.314476 0.906289
vt 0.317940 0.893102
vt 0.318016 0.906265
vt 0.321328 0.893102
vt 0.321217 0.906253
vt 0.324371 0.893102
vt 0.324082 0.906278
vt 0.302140 0.919233
vt 0.297697 0.918683
vt 0.306553 0.919447
vt 0.310686 0.919392
vt 0.314443 0.919168
vt 0.317798 0.918929
vt 0.320779 0.918786
vt 0.323433 0.918823
vt 0.302146 0.931762
vt 0.297697 0.931009
vt 0.306534 0.931939
vt 0.310588 0.931624
vt 0.314196 0.931005
vt 0.317345 0.930383
vt 0.320095 0.929999
vt 0.322519 0.930026
vt 0.302131 0.943449
vt 0.297697 0.942780
vt 0.306445 0.943334
vt 0.310375 0.942558
vt 0.313809 0.941387
vt 0.316746 0.940266
vt 0.319268 0.939575
vt 0.321453 0.939586
vt 0.302110 0.954123
vt 0.297697 0.953825
vt 0.306344 0.953466
vt 0.310152 0.952064
vt 0.313431 0.950242
vt 0.316169 0.948505
vt 0.318443 0.947351
vt 0.320334 0.947353
vt 0.302090 0.963737
vt 0.297697 0.963987
vt 0.306272 0.962426
vt 0.310006 0.960332
vt 0.313193 0.957820
vt 0.315783 0.955336
vt 0.317791 0.953377
vt 0.319201 0.953377
vt 0.685741 0.106908
vt 0.682655 0.069623
vt 0.683254 0.059739
vt 0.297697 0.094023
vt 0.302055 0.093710
vt 0.301992 0.106908
vt 0.297697 0.081323
vt 0.302085 0.080635
vt 0.297697 0.068997
vt 0.302098 0.068177
vt 0.297697 0.057224
vt 0.302094 0.056573
vt 0.297697 0.046179
vt 0.302086 0.045951
vt 0.297697 0.036016
vt 0.302082 0.036349
vt 0.297697 0.026886
vt 0.302090 0.027754
vt 0.306409 0.093579
vt 0.306226 0.106908
vt 0.306480 0.080342
vt 0.306462 0.067942
vt 0.306387 0.056670
vt 0.306307 0.046606
vt 0.306260 0.037664
vt 0.306272 0.029701
vt 0.310586 0.093561
vt 0.310335 0.106908
vt 0.310645 0.080397
vt 0.310539 0.068237
vt 0.310333 0.057411
vt 0.310126 0.047965
vt 0.309998 0.039716
vt 0.310006 0.032444
vt 0.314482 0.093607
vt 0.314259 0.106908
vt 0.314443 0.080665
vt 0.314185 0.068876
vt 0.313794 0.058572
vt 0.313421 0.049762
vt 0.313190 0.042197
vt 0.313193 0.035642
vt 0.318040 0.093671
vt 0.317941 0.106908
vt 0.317821 0.080968
vt 0.317353 0.069543
vt 0.316746 0.059707
vt 0.316167 0.051494
vt 0.315782 0.044670
vt 0.315783 0.038999
vt 0.321245 0.093731
vt 0.321328 0.106908
vt 0.320808 0.081184
vt 0.320110 0.069981
vt 0.319272 0.060420
vt 0.318444 0.052651
vt 0.317791 0.046627
vt 0.317791 0.042396
vt 0.319201 0.046627
vt 0.031341 0.106908
vt 0.031237 0.093835
vt 0.035636 0.094023
vt 0.027108 0.106908
vt 0.026878 0.093746
vt 0.022999 0.106908
vt 0.022726 0.093707
vt 0.019075 0.106908
vt 0.018858 0.093719
vt 0.015393 0.106908
vt 0.015317 0.093743
vt 0.012005 0.106908
vt 0.012116 0.093755
vt 0.008962 0.106908
vt 0.009251 0.093731
vt 0.031193 0.080774
vt 0.035636 0.081323
vt 0.026781 0.080559
vt 0.022647 0.080615
vt 0.018890 0.080839
vt 0.015535 0.081078
vt 0.012555 0.081221
vt 0.009900 0.081184
vt 0.031187 0.068243
vt 0.035636 0.068996
vt 0.026799 0.068066
vt 0.022746 0.068382
vt 0.019137 0.069000
vt 0.015988 0.069622
vt 0.013239 0.070007
vt 0.010815 0.069981
vt 0.031203 0.056555
vt 0.035636 0.057224
vt 0.026888 0.056670
vt 0.022959 0.057447
vt 0.019524 0.058617
vt 0.016587 0.059738
vt 0.014066 0.060430
vt 0.011881 0.060420
vt 0.031224 0.045881
vt 0.035636 0.046179
vt 0.026989 0.046537
vt 0.023181 0.047940
vt 0.019902 0.049762
vt 0.017165 0.051499
vt 0.014890 0.052653
vt 0.013000 0.052651
vt 0.031244 0.036265
vt 0.035636 0.036015
vt 0.027061 0.037577
vt 0.023327 0.039671
vt 0.020140 0.042183
vt 0.017550 0.044668
vt 0.015542 0.046627
vt 0.014132 0.046627
vt 0.631031 0.094023
vt 0.635388 0.093710
vt 0.635326 0.106908
vt 0.631031 0.081323
vt 0.635418 0.080635
vt 0.631031 0.068996
vt 0.635431 0.068176
vt 0.631031 0.057224
vt 0.635427 0.056573
vt 0.631031 0.046178
vt 0.635419 0.045951
vt 0.631031 0.036015
vt 0.635415 0.036349
vt 0.631031 0.026886
vt 0.635423 0.027754
vt 0.639742 0.093579
vt 0.639559 0.106908
vt 0.639814 0.080342
vt 0.639795 0.067942
vt 0.639720 0.056670
vt 0.639641 0.046606
vt 0.639593 0.037664
vt 0.639605 0.029701
vt 0.643919 0.093561
vt 0.643668 0.106908
vt 0.643978 0.080397
vt 0.643873 0.068237
vt 0.643666 0.057411
vt 0.643459 0.047965
vt 0.643331 0.039716
vt 0.643340 0.032444
vt 0.647815 0.093607
vt 0.647592 0.106908
vt 0.647777 0.080665
vt 0.647518 0.068876
vt 0.647128 0.058572
vt 0.646754 0.049762
vt 0.646523 0.042197
vt 0.646527 0.035642
vt 0.651373 0.093671
vt 0.651274 0.106908
vt 0.651154 0.080968
vt 0.650687 0.069543
vt 0.650079 0.059707
vt 0.649500 0.051494
vt 0.649116 0.044670
vt 0.649116 0.038999
vt 0.654578 0.093731
vt 0.654662 0.106908
vt 0.654141 0.081184
vt 0.653443 0.069981
vt 0.652606 0.060420
vt 0.651777 0.052651
vt 0.651124 0.046627
vt 0.651124 0.042396
vt 0.035636 0.905979
vt 0.031278 0.906292
vt 0.031341 0.893094
vt 0.035636 0.918678
vt 0.031249 0.919367
vt 0.035636 0.931005
vt 0.031236 0.931825
vt 0.035636 0.942777
vt 0.031240 0.943429
vt 0.035636 0.953823
vt 0.031248 0.954050
vt 0.035636 0.963986
vt 0.031252 0.963652
vt 0.035636 0.973115
vt 0.026925 0.906422
vt 0.027108 0.893094
vt 0.026853 0.919660
vt 0.026872 0.932059
vt 0.026946 0.943331
vt 0.027026 0.953395
vt 0.027074 0.962337
vt 0.027061 0.970300
vt 0.022748 0.906441
vt 0.022999 0.893094
vt 0.022689 0.919604
vt 0.022794 0.931764
vt 0.023000 0.942591
vt 0.023208 0.952036
vt 0.023336 0.960285
vt 0.023327 0.967557
vt 0.018852 0.906394
vt 0.019075 0.893094
vt 0.018890 0.919336
vt 0.019149 0.931125
vt 0.019539 0.941429
vt 0.019913 0.950239
vt 0.020143 0.957804
vt 0.020140 0.964359
vt 0.015294 0.906330
vt 0.015393 0.893093
vt 0.015513 0.919033
vt 0.015980 0.930458
vt 0.016587 0.940294
vt 0.017166 0.948507
vt 0.017551 0.955331
vt 0.017550 0.961002
vt 0.012088 0.906270
vt 0.012005 0.893093
vt 0.012526 0.918817
vt 0.013224 0.930020
vt 0.014061 0.939581
vt 0.014889 0.947350
vt 0.015542 0.953374
vt 0.015542 0.957605
vt 0.014132 0.953374
vt 0.035636 0.918677
vt 0.035636 0.931004
vt 0.026925 0.906421
vt 0.023208 0.952035
vt 0.018852 0.906393
vt 0.035636 0.068997
vt 0.015988 0.069623
vt 0.016587 0.059739
vt 0.035636 0.036016
vt 0.635326 0.893092
vt 0.635430 0.906165
vt 0.631031 0.905977
vt 0.639559 0.893092
vt 0.639788 0.906254
vt 0.643668 0.893092
vt 0.643941 0.906293
vt 0.647592 0.893092
vt 0.647809 0.906281
vt 0.651274 0.893092
vt 0.651350 0.906257
vt 0.654661 0.893092
vt 0.654550 0.906245
vt 0.657705 0.893092
vt 0.657415 0.906269
vt 0.635474 0.919226
vt 0.631031 0.918677
vt 0.639886 0.919441
vt 0.644019 0.919385
vt 0.647777 0.919161
vt 0.651131 0.918922
vt 0.654112 0.918779
vt 0.656766 0.918816
vt 0.635480 0.931757
vt 0.631031 0.931004
vt 0.639868 0.931934
vt 0.643921 0.931618
vt 0.647530 0.931000
vt 0.650678 0.930378
vt 0.653428 0.929993
vt 0.655852 0.930019
vt 0.635464 0.943445
vt 0.631031 0.942776
vt 0.639778 0.943330
vt 0.643708 0.942553
vt 0.647143 0.941383
vt 0.650079 0.940261
vt 0.652601 0.939570
vt 0.654786 0.939580
vt 0.635443 0.954119
vt 0.631031 0.953822
vt 0.639677 0.953463
vt 0.643486 0.952060
vt 0.646764 0.950238
vt 0.649502 0.948501
vt 0.651777 0.947347
vt 0.653667 0.947349
vt 0.635423 0.963735
vt 0.631031 0.963985
vt 0.639605 0.962423
vt 0.643340 0.960329
vt 0.646527 0.957817
vt 0.649116 0.955332
vt 0.651124 0.953373
vt 0.652535 0.953373
vt 0.651124 0.957604
vt 0.702303 0.931004
vt 0.702303 0.963984
vt 0.297697 0.068996
vt 0.314482 0.093608
vt 0.314184 0.068876
vt 0.317940 0.106908
vt 0.297697 0.918677
vt 0.297697 0.953821
vt 0.317791 0.957604
vt 0.035636 0.026895
vt 0.675629 0.893092
vt 0.702303 0.026886
vt 0.342295 0.893092
vt 0.008962 0.893093
vt 0.297697 0.973114
vt 0.631031 0.973114
vt 0.324372 0.106908
vt 0.035636 0.026886
vt 0.008962 0.893092
s off
f 590/1 1/2 443/3 1030/4
f 150/5 737/6 885/7 296/8
f 297/9 884/10 1031/11 442/12
f 591/11 1032/12 883/9 736/10
f 2/13 589/14 738/15 149/16
f 1/2 4/17 11/18 10/19
f 4/17 5/20 12/21 11/18
f 5/20 6/22 13/23 12/21
f 6/22 7/24 14/25 13/23
f 7/24 8/26 15/27 14/25
f 8/26 9/28 16/29 15/27
f 9/28 93/30 94/31 16/29
f 10/19 11/18 18/32 17/33
f 11/18 12/21 19/34 18/32
f 12/21 13/23 20/35 19/34
f 13/23 14/25 21/36 20/35
f 14/25 15/27 22/37 21/36
f 15/27 16/29 23/38 22/37
f 16/29 94/31 95/39 23/38
f 17/33 18/32 25/40 24/41
f 18/32 19/34 26/42 25/40
f 19/34 20/35 27/43 26/42
f 20/35 21/36 28/44 27/43
f 21/36 22/37 29/45 28/44
f 22/37 23/38 30/46 29/45
f 23/38 95/39 96/47 30/46
f 24/41 25/40 32/48 31/49
f 25/40 26/42 33/50 32/48
f 26/42 27/43 34/51 33/50
f 27/43 28/44 35/52 34/51
f 28/44 29/45 36/53 35/52
f 29/45 30/46 37/54 36/53
f 30/46 96/47 97/55 37/54
f 31/49 32/48 39/56 38/57
f 32/48 33/50 40/58 39/56
f 33/50 34/51 41/59 40/58
f 34/51 35/52 42/60 41/59
f 35/52 36/53 43/61 42/60
f 36/53 37/54 44/62 43/61
f 37/54 97/55 98/63 44/62
f 38/57 39/56 46/64 45/65
f 39/56 40/58 47/66 46/64
f 40/58 41/59 48/67 47/66
f 41/59 42/60 49/68 48/67
f 42/60 43/61 50/69 49/68
f 43/61 44/62 51/70 50/69
f 44/62 98/63 99/71 51/70
f 2/13 52/72 59/73 58/74
f 52/72 53/75 60/76 59/73
f 53/75 54/77 61/78 60/76
f 54/77 55/79 62/80 61/78
f 55/79 56/81 63/82 62/80
f 56/81 57/83 64/84 63/82
f 57/83 141/85 142/86 64/84
f 58/74 59/73 66/87 65/88
f 59/73 60/76 67/89 66/87
f 60/76 61/78 68/90 67/89
f 61/78 62/80 69/91 68/90
f 62/80 63/82 70/92 69/91
f 63/82 64/84 71/93 70/92
f 64/84 142/86 143/94 71/93
f 65/88 66/87 73/95 72/96
f 66/87 67/89 74/97 73/95
f 67/89 68/90 75/98 74/97
f 68/90 69/91 76/99 75/98
f 69/91 70/92 77/100 76/99
f 70/92 71/93 78/101 77/100
f 71/93 143/94 144/102 78/101
f 72/96 73/95 80/103 79/104
f 73/95 74/97 81/105 80/103
f 74/97 75/98 82/106 81/105
f 75/98 76/99 83/107 82/106
f 76/99 77/100 84/108 83/107
f 77/100 78/101 85/109 84/108
f 78/101 144/102 145/110 85/109
f 79/104 80/103 87/111 86/112
f 80/103 81/105 88/113 87/111
f 81/105 82/106 89/114 88/113
f 82/106 83/107 90/115 89/114
f 83/107 84/108 91/116 90/115
f 84/108 85/109 92/117 91/116
f 85/109 145/110 146/118 92/117
f 86/112 87/111 94/119 93/120
f 87/111 88/113 95/121 94/119
f 88/113 89/114 96/122 95/121
f 89/114 90/115 97/123 96/122
f 90/115 91/116 98/124 97/123
f 91/116 92/117 99/125 98/124
f 92/117 146/118 147/126 99/125
f 3/1 100/127 107/128 106/129
f 100/127 101/130 108/131 107/128
f 101/130 102/132 109/133 108/131
f 102/132 103/134 110/135 109/133
f 103/134 104/136 111/137 110/135
f 104/136 105/138 112/139 111/137
f 105/138 45/140 46/141 112/139
f 106/129 107/128 114/142 113/143
f 107/128 108/131 115/144 114/142
f 108/131 109/133 116/145 115/144
f 109/133 110/135 117/146 116/145
f 110/135 111/137 118/147 117/146
f 111/137 112/139 119/148 118/147
f 112/139 46/141 47/149 119/148
f 113/143 114/142 121/150 120/151
f 114/142 115/144 122/152 121/150
f 115/144 116/145 123/153 122/152
f 116/145 117/146 124/154 123/153
f 117/146 118/147 125/155 124/154
f 118/147 119/148 126/156 125/155
f 119/148 47/149 48/157 126/156
f 120/151 121/150 128/158 127/159
f 121/150 122/152 129/160 128/158
f 122/152 123/153 130/161 129/160
f 123/153 124/154 131/162 130/161
f 124/154 125/155 132/163 131/162
f 125/155 126/156 133/164 132/163
f 126/156 48/157 49/165 133/164
f 127/159 128/158 135/166 134/167
f 128/158 129/160 136/168 135/166
f 129/160 130/161 137/169 136/168
f 130/161 131/162 138/170 137/169
f 131/162 132/163 139/171 138/170
f 132/163 133/164 140/172 139/171
f 133/164 49/165 50/173 140/172
f 134/167 135/166 142/174 141/175
f 135/166 136/168 143/176 142/174
f 136/168 137/169 144/177 143/176
f 137/169 138/170 145/178 144/177
f 138/170 139/171 146/179 145/178
f 139/171 140/172 147/180 146/179
f 140/172 50/173 51/181 147/180
f 51/181 99/182 147/180
f 148/2 151/17 158/18 157/19
f 151/17 152/20 159/21 158/18
f 152/20 153/22 160/23 159/21
f 153/22 154/24 161/25 160/23
f 154/24 155/183 162/27 161/25
f 155/183 156/28 163/29 162/27
f 156/28 240/30 241/31 163/29
f 157/19 158/18 165/32 164/33
f 158/18 159/21 166/34 165/32
f 159/21 160/23 167/35 166/34
f 160/23 161/25 168/36 167/35
f 161/25 162/27 169/37 168/36
f 162/27 163/29 170/38 169/37
f 163/29 241/31 242/184 170/38
f 164/33 165/32 172/40 171/41
f 165/32 166/34 173/42 172/40
f 166/34 167/35 174/43 173/42
f 167/35 168/36 175/44 174/43
f 168/36 169/37 176/45 175/44
f 169/37 170/38 177/46 176/45
f 170/38 242/184 243/47 177/46
f 171/41 172/40 179/185 178/49
f 172/40 173/42 180/50 179/185
f 173/42 174/43 181/51 180/50
f 174/43 175/44 182/52 181/51
f 175/44 176/45 183/53 182/52
f 176/45 177/46 184/54 183/53
f 177/46 243/47 244/55 184/54
f 178/49 179/185 186/56 185/57
f 179/185 180/50 187/58 186/56
f 180/50 181/51 188/59 187/58
f 181/51 182/52 189/60 188/59
f 182/52 183/53 190/61 189/60
f 183/53 184/54 191/62 190/61
f 184/54 244/55 245/186 191/62
f 185/57 186/56 193/64 192/65
f 186/56 187/58 194/66 193/64
f 187/58 188/59 195/67 194/66
f 188/59 189/60 196/68 195/67
f 189/60 190/61 197/69 196/68
f 190/61 191/62 198/70 197/69
f 191/62 245/186 246/71 198/70
f 149/16 199/187 206/188 205/189
f 199/187 200/190 207/191 206/188
f 200/190 201/192 208/193 207/191
f 201/192 202/194 209/195 208/193
f 202/194 203/196 210/197 209/195
f 203/196 204/198 211/199 210/197
f 204/198 288/200 289/201 211/199
f 205/189 206/188 213/202 212/203
f 206/188 207/191 214/204 213/202
f 207/191 208/193 215/205 214/204
f 208/193 209/195 216/206 215/205
f 209/195 210/197 217/207 216/206
f 210/197 211/199 218/208 217/207
f 211/199 289/201 290/209 218/208
f 212/203 213/202 220/210 219/211
f 213/202 214/204 221/212 220/210
f 214/204 215/205 222/213 221/212
f 215/205 216/206 223/214 222/213
f 216/206 217/207 224/215 223/214
f 217/207 218/208 225/216 224/215
f 218/208 290/209 291/217 225/216
f 219/211 220/210 227/218 226/219
f 220/210 221/212 228/220 227/218
f 221/212 222/213 229/221 228/220
f 222/213 223/214 230/222 229/221
f 223/214 224/215 231/223 230/222
f 224/215 225/216 232/224 231/223
f 225/216 291/217 292/225 232/224
f 226/219 227/218 234/226 233/227
f 227/218 228/220 235/228 234/226
f 228/220 229/221 236/229 235/228
f 229/221 230/222 237/230 236/229
f 230/222 231/223 238/231 237/230
f 231/223 232/224 239/232 238/231
f 232/224 292/225 293/233 239/232
f 233/227 234/226 241/234 240/235
f 234/226 235/228 242/236 241/234
f 235/228 236/229 243/237 242/236
f 236/229 237/230 244/238 243/237
f 237/230 238/231 245/239 244/238
f 238/231 239/232 246/240 245/239
f 239/232 293/233 294/241 246/240
f 150/5 247/242 254/243 253/244
f 247/242 248/245 255/246 254/243
f 248/245 249/247 256/248 255/246
f 249/247 250/249 257/250 256/248
f 250/249 251/251 258/252 257/250
f 251/251 252/253 259/254 258/252
f 252/253 192/255 193/256 259/254
f 253/244 254/243 261/257 260/258
f 254/243 255/246 262/259 261/257
f 255/246 256/248 263/260 262/259
f 256/248 257/250 264/261 263/260
f 257/250 258/252 265/262 264/261
f 258/252 259/254 266/263 265/262
f 259/254 193/256 194/264 266/263
f 260/258 261/257 268/265 267/266
f 261/257 262/259 269/267 268/265
f 262/259 263/260 270/268 269/267
f 263/260 264/261 271/269 270/268
f 264/261 265/262 272/270 271/269
f 265/262 266/263 273/271 272/270
f 266/263 194/264 195/272 273/271
f 267/266 268/265 275/273 274/274
f 268/265 269/267 276/275 275/273
f 269/267 270/268 277/276 276/275
f 270/268 271/269 278/277 277/276
f 271/269 272/270 279/278 278/277
f 272/270 273/271 280/279 279/278
f 273/271 195/272 196/280 280/279
f 274/274 275/273 282/281 281/282
f 275/273 276/275 283/283 282/281
f 276/275 277/276 284/284 283/283
f 277/276 278/277 285/285 284/284
f 278/277 279/278 286/286 285/285
f 279/278 280/279 287/287 286/286
f 280/279 196/280 197/288 287/287
f 281/282 282/281 289/289 288/290
f 282/281 283/283 290/291 289/289
f 283/283 284/284 291/292 290/291
f 284/284 285/285 292/293 291/292
f 285/285 286/286 293/294 292/293
f 286/286 287/287 294/295 293/294
f 287/287 197/288 198/296 294/295
f 198/296 246/297 294/295
f 295/3 298/298 305/299 304/300
f 298/298 299/301 306/302 305/299
f 299/301 300/303 307/304 306/302
f 300/303 301/305 308/306 307/304
f 301/305 302/307 309/308 308/306
f 302/307 303/309 310/310 309/308
f 303/309 387/311 388/312 310/310
f 304/300 305/299 312/313 311/314
f 305/299 306/302 313/315 312/313
f 306/302 307/304 314/316 313/315
f 307/304 308/306 315/317 314/316
f 308/306 309/308 316/318 315/317
f 309/308 310/310 317/319 316/318
f 310/310 388/312 389/320 317/319
f 311/314 312/313 319/321 318/322
f 312/313 313/315 320/323 319/321
f 313/315 314/316 321/324 320/323
f 314/316 315/317 322/325 321/324
f 315/317 316/318 323/326 322/325
f 316/318 317/319 324/327 323/326
f 317/319 389/320 390/328 324/327
f 318/322 319/321 326/329 325/330
f 319/321 320/323 327/331 326/329
f 320/323 321/324 328/332 327/331
f 321/324 322/325 329/333 328/332
f 322/325 323/326 330/334 329/333
f 323/326 324/327 331/335 330/334
f 324/327 390/328 391/336 331/335
f 325/330 326/329 333/337 332/338
f 326/329 327/331 334/339 333/337
f 327/331 328/332 335/340 334/339
f 328/332 329/333 336/341 335/340
f 329/333 330/334 337/342 336/341
f 330/334 331/335 338/343 337/342
f 331/335 391/336 392/344 338/343
f 332/338 333/337 340/345 339/346
f 333/337 334/339 341/347 340/345
f 334/339 335/340 342/348 341/347
f 335/340 336/341 343/349 342/348
f 336/341 337/342 344/350 343/349
f 337/342 338/343 345/351 344/350
f 338/343 392/344 393/352 345/351
f 296/8 346/353 353/354 352/355
f 346/353 347/356 354/357 353/354
f 347/356 348/358 355/359 354/357
f 348/358 349/360 356/361 355/359
f 349/360 350/362 357/363 356/361
f 350/362 351/364 358/365 357/363
f 351/364 435/366 436/367 358/365
f 352/355 353/354 360/368 359/369
f 353/354 354/357 361/370 360/368
f 354/357 355/359 362/371 361/370
f 355/359 356/361 363/372 362/371
f 356/361 357/363 364/373 363/372
f 357/363 358/365 365/374 364/373
f 358/365 436/367 437/375 365/374
f 359/369 360/368 367/376 366/377
f 360/368 361/370 368/378 367/376
f 361/370 362/371 369/379 368/378
f 362/371 363/372 370/380 369/379
f 363/372 364/373 371/381 370/380
f 364/373 365/374 372/382 371/381
f 365/374 437/375 438/383 372/382
f 366/377 367/376 374/384 373/385
f 367/376 368/378 375/386 374/384
f 368/378 369/379 376/387 375/386
f 369/379 370/380 377/388 376/387
f 370/380 371/381 378/389 377/388
f 371/381 372/382 379/390 378/389
f 372/382 438/383 439/391 379/390
f 373/385 374/384 381/392 380/393
f 374/384 375/386 382/394 381/392
f 375/386 376/387 383/395 382/394
f 376/387 377/388 384/396 383/395
f 377/388 378/389 385/397 384/396
f 378/389 379/390 386/398 385/397
f 379/390 439/391 440/399 386/398
f 380/393 381/392 388/400 387/401
f 381/392 382/394 389/402 388/400
f 382/394 383/395 390/403 389/402
f 383/395 384/396 391/404 390/403
f 384/396 385/397 392/405 391/404
f 385/397 386/398 393/406 392/405
f 386/398 440/399 441/407 393/406
f 297/9 394/408 401/409 400/410
f 394/408 395/411 402/412 401/409
f 395/411 396/413 403/414 402/412
f 396/413 397/415 404/416 403/414
f 397/415 398/417 405/418 404/416
f 398/417 399/419 406/420 405/418
f 399/419 339/421 340/422 406/420
f 400/410 401/409 408/423 407/424
f 401/409 402/412 409/425 408/423
f 402/412 403/414 410/426 409/425
f 403/414 404/416 411/427 410/426
f 404/416 405/418 412/428 411/427
f 405/418 406/420 413/429 412/428
f 406/420 340/422 341/430 413/429
f 407/424 408/423 415/431 414/432
f 408/423 409/425 416/433 415/431
f 409/425 410/426 417/434 416/433
f 410/426 411/427 418/435 417/434
f 411/427 412/428 419/436 418/435
f 412/428 413/429 420/437 419/436
f 413/429 341/430 342/438 420/437
f 414/432 415/431 422/439 421/440
f 415/431 416/433 423/441 422/439
f 416/433 417/434 424/442 423/441
f 417/434 418/435 425/443 424/442
f 418/435 419/436 426/444 425/443
f 419/436 420/437 427/445 426/444
f 420/437 342/438 343/446 427/445
f 421/440 422/439 429/447 428/448
f 422/439 423/441 430/449 429/447
f 423/441 424/442 431/450 430/449
f 424/442 425/443 432/451 431/450
f 425/443 426/444 433/452 432/451
f 426/444 427/445 434/453 433/452
f 427/445 343/446 344/454 434/453
f 428/448 429/447 436/455 435/456
f 429/447 430/449 437/457 436/455
f 430/449 431/450 438/458 437/457
f 431/450 432/451 439/459 438/458
f 432/451 433/452 440/460 439/459
f 433/452 434/453 441/461 440/460
f 434/453 344/454 345/462 441/461
f 345/462 393/463 441/461
f 442/12 445/464 452/465 451/466
f 445/464 446/467 453/468 452/465
f 446/467 447/469 454/470 453/468
f 447/469 448/471 455/472 454/470
f 448/471 449/473 456/474 455/472
f 449/473 450/475 457/476 456/474
f 450/475 534/477 535/478 457/476
f 451/466 452/465 459/479 458/480
f 452/465 453/468 460/481 459/479
f 453/468 454/470 461/482 460/481
f 454/470 455/472 462/483 461/482
f 455/472 456/474 463/484 462/483
f 456/474 457/476 464/485 463/484
f 457/476 535/478 536/486 464/485
f 458/480 459/479 466/487 465/488
f 459/479 460/481 467/489 466/487
f 460/481 461/482 468/490 467/489
f 461/482 462/483 469/491 468/490
f 462/483 463/484 470/492 469/491
f 463/484 464/485 471/493 470/492
f 464/485 536/486 537/494 471/493
f 465/488 466/487 473/495 472/496
f 466/487 467/489 474/497 473/495
f 467/489 468/490 475/498 474/497
f 468/490 469/491 476/499 475/498
f 469/491 470/492 477/500 476/499
f 470/492 471/493 478/501 477/500
f 471/493 537/494 538/502 478/501
f 472/496 473/495 480/503 479/504
f 473/495 474/497 481/505 480/503
f 474/497 475/498 482/506 481/505
f 475/498 476/499 483/507 482/506
f 476/499 477/500 484/508 483/507
f 477/500 478/501 485/509 484/508
f 478/501 538/502 539/510 485/509
f 479/504 480/503 487/511 486/512
f 480/503 481/505 488/513 487/511
f 481/505 482/506 489/514 488/513
f 482/506 483/507 490/515 489/514
f 483/507 484/508 491/516 490/515
f 484/508 485/509 492/517 491/516
f 485/509 539/510 540/518 492/517
f 443/3 493/298 500/299 499/300
f 493/298 494/301 501/302 500/299
f 494/301 495/303 502/519 501/302
f 495/303 496/305 503/520 502/519
f 496/305 497/307 504/308 503/520
f 497/307 498/309 505/310 504/308
f 498/309 582/311 583/312 505/310
f 499/300 500/299 507/313 506/314
f 500/299 501/302 508/521 507/313
f 501/302 502/519 509/316 508/521
f 502/519 503/520 510/317 509/316
f 503/520 504/308 511/318 510/317
f 504/308 505/310 512/319 511/318
f 505/310 583/312 584/320 512/319
f 506/314 507/313 514/321 513/322
f 507/313 508/521 515/323 514/321
f 508/521 509/316 516/324 515/323
f 509/316 510/317 517/325 516/324
f 510/317 511/318 518/522 517/325
f 511/318 512/319 519/327 518/522
f 512/319 584/320 585/328 519/327
f 513/322 514/321 521/523 520/330
f 514/321 515/323 522/331 521/523
f 515/323 516/324 523/524 522/331
f 516/324 517/325 524/333 523/524
f 517/325 518/522 525/334 524/333
f 518/522 519/327 526/335 525/334
f 519/327 585/328 586/525 526/335
f 520/330 521/523 528/337 527/338
f 521/523 522/331 529/339 528/337
f 522/331 523/524 530/340 529/339
f 523/524 524/333 531/341 530/340
f 524/333 525/334 532/342 531/341
f 525/334 526/335 533/343 532/342
f 526/335 586/525 587/526 533/343
f 527/338 528/337 535/345 534/346
f 528/337 529/339 536/527 535/345
f 529/339 530/340 537/348 536/527
f 530/340 531/341 538/349 537/348
f 531/341 532/342 539/350 538/349
f 532/342 533/343 540/528 539/350
f 533/343 587/526 588/352 540/528
f 444/4 541/529 548/530 547/531
f 541/529 542/532 549/533 548/530
f 542/532 543/534 550/535 549/533
f 543/534 544/536 551/537 550/535
f 544/536 545/538 552/539 551/537
f 545/538 546/540 553/541 552/539
f 546/540 486/542 487/543 553/541
f 547/531 548/530 555/544 554/545
f 548/530 549/533 556/546 555/544
f 549/533 550/535 557/547 556/546
f 550/535 551/537 558/548 557/547
f 551/537 552/539 559/549 558/548
f 552/539 553/541 560/550 559/549
f 553/541 487/543 488/551 560/550
f 554/545 555/544 562/552 561/553
f 555/544 556/546 563/554 562/552
f 556/546 557/547 564/555 563/554
f 557/547 558/548 565/556 564/555
f 558/548 559/549 566/557 565/556
f 559/549 560/550 567/558 566/557
f 560/550 488/551 489/559 567/558
f 561/553 562/552 569/560 568/561
f 562/552 563/554 570/562 569/560
f 563/554 564/555 571/563 570/562
f 564/555 565/556 572/564 571/563
f 565/556 566/557 573/565 572/564
f 566/557 567/558 574/566 573/565
f 567/558 489/559 490/567 574/566
f 568/561 569/560 576/568 575/569
f 569/560 570/562 577/570 576/568
f 570/562 571/563 578/571 577/570
f 571/563 572/564 579/572 578/571
f 572/564 573/565 580/573 579/572
f 573/565 574/566 581/574 580/573
f 574/566 490/567 491/575 581/574
f 575/569 576/568 583/576 582/577
f 576/568 577/570 584/578 583/576
f 577/570 578/571 585/579 584/578
f 578/571 579/572 586/580 585/579
f 579/572 580/573 587/581 586/580
f 580/573 581/574 588/582 587/581
f 581/574 491/575 492/583 588/582
f 492/583 540/584 588/582
f 589/14 592/585 599/586 598/587
f 592/585 593/588 600/589 599/586
f 593/588 594/590 601/591 600/589
f 594/590 595/592 602/593 601/591
f 595/592 596/594 603/595 602/593
f 596/594 597/596 604/597 603/595
f 597/596 681/598 682/599 604/597
f 598/587 599/586 606/600 605/601
f 599/586 600/589 607/602 606/600
f 600/589 601/591 608/603 607/602
f 601/591 602/593 609/604 608/603
f 602/593 603/595 610/605 609/604
f 603/595 604/597 611/606 610/605
f 604/597 682/599 683/607 611/606
f 605/601 606/600 613/608 612/609
f 606/600 607/602 614/610 613/608
f 607/602 608/603 615/611 614/610
f 608/603 609/604 616/612 615/611
f 609/604 610/605 617/613 616/612
f 610/605 611/606 618/614 617/613
f 611/606 683/607 684/615 618/614
f 612/609 613/608 620/616 619/617
f 613/608 614/610 621/618 620/616
f 614/610 615/611 622/619 621/618
f 615/611 616/612 623/620 622/619
f 616/612 617/613 624/621 623/620
f 617/613 618/614 625/622 624/621
f 618/614 684/615 685/623 625/622
f 619/617 620/616 627/624 626/625
f 620/616 621/618 628/626 627/624
f 621/618 622/619 629/627 628/626
f 622/619 623/620 630/628 629/627
f 623/620 624/621 631/629 630/628
f 624/621 625/622 632/630 631/629
f 625/622 685/623 686/631 632/630
f 626/625 627/624 634/632 633/633
f 627/624 628/626 635/634 634/632
f 628/626 629/627 636/635 635/634
f 629/627 630/628 637/636 636/635
f 630/628 631/629 638/637 637/636
f 631/629 632/630 639/638 638/637
f 632/630 686/631 687/639 639/638
f 590/1 640/127 647/128 646/129
f 640/127 641/130 648/131 647/128
f 641/130 642/132 649/133 648/131
f 642/132 643/640 650/135 649/133
f 643/640 644/136 651/137 650/135
f 644/136 645/138 652/139 651/137
f 645/138 729/140 730/141 652/139
f 646/129 647/128 654/142 653/143
f 647/128 648/131 655/144 654/142
f 648/131 649/133 656/145 655/144
f 649/133 650/135 657/146 656/145
f 650/135 651/137 658/147 657/146
f 651/137 652/139 659/148 658/147
f 652/139 730/141 731/149 659/148
f 653/143 654/142 661/150 660/151
f 654/142 655/144 662/152 661/150
f 655/144 656/145 663/153 662/152
f 656/145 657/146 664/154 663/153
f 657/146 658/147 665/641 664/154
f 658/147 659/148 666/156 665/641
f 659/148 731/149 732/157 666/156
f 660/151 661/150 668/158 667/159
f 661/150 662/152 669/160 668/158
f 662/152 663/153 670/161 669/160
f 663/153 664/154 671/162 670/161
f 664/154 665/641 672/642 671/162
f 665/641 666/156 673/164 672/642
f 666/156 732/157 733/165 673/164
f 667/159 668/158 675/166 674/167
f 668/158 669/160 676/168 675/166
f 669/160 670/161 677/169 676/168
f 670/161 671/162 678/170 677/169
f 671/162 672/642 679/171 678/170
f 672/642 673/164 680/172 679/171
f 673/164 733/165 734/173 680/172
f 674/167 675/166 682/174 681/175
f 675/166 676/168 683/176 682/174
f 676/168 677/169 684/177 683/176
f 677/169 678/170 685/178 684/177
f 678/170 679/171 686/179 685/178
f 679/171 680/172 687/180 686/179
f 680/172 734/173 735/181 687/180
f 591/11 688/643 695/644 694/645
f 688/643 689/646 696/647 695/644
f 689/646 690/648 697/649 696/647
f 690/648 691/650 698/651 697/649
f 691/650 692/652 699/653 698/651
f 692/652 693/654 700/655 699/653
f 693/654 633/656 634/657 700/655
f 694/645 695/644 702/658 701/659
f 695/644 696/647 703/660 702/658
f 696/647 697/649 704/661 703/660
f 697/649 698/651 705/662 704/661
f 698/651 699/653 706/663 705/662
f 699/653 700/655 707/664 706/663
f 700/655 634/657 635/665 707/664
f 701/659 702/658 709/666 708/667
f 702/658 703/660 710/668 709/666
f 703/660 704/661 711/669 710/668
f 704/661 705/662 712/670 711/669
f 705/662 706/663 713/671 712/670
f 706/663 707/664 714/672 713/671
f 707/664 635/665 636/673 714/672
f 708/667 709/666 716/674 715/675
f 709/666 710/668 717/676 716/674
f 710/668 711/669 718/677 717/676
f 711/669 712/670 719/678 718/677
f 712/670 713/671 720/679 719/678
f 713/671 714/672 721/680 720/679
f 714/672 636/673 637/681 721/680
f 715/675 716/674 723/682 722/683
f 716/674 717/676 724/684 723/682
f 717/676 718/677 725/685 724/684
f 718/677 719/678 726/686 725/685
f 719/678 720/679 727/687 726/686
f 720/679 721/680 728/688 727/687
f 721/680 637/681 638/689 728/688
f 722/683 723/682 730/690 729/691
f 723/682 724/684 731/692 730/690
f 724/684 725/685 732/693 731/692
f 725/685 726/686 733/694 732/693
f 726/686 727/687 734/695 733/694
f 727/687 728/688 735/696 734/695
f 728/688 638/689 639/697 735/696
f 639/697 687/698 735/696
f 736/10 739/699 746/700 745/701
f 739/699 740/702 747/703 746/700
f 740/702 741/704 748/705 747/703
f 741/704 742/706 749/707 748/705
f 742/706 743/708 750/709 749/707
f 743/708 744/710 751/711 750/709
f 744/710 828/712 829/713 751/711
f 745/701 746/700 753/714 752/715
f 746/700 747/703 754/716 753/714
f 747/703 748/705 755/717 754/716
f 748/705 749/707 756/718 755/717
f 749/707 750/709 757/719 756/718
f 750/709 751/711 758/720 757/719
f 751/711 829/713 830/721 758/720
f 752/715 753/714 760/722 759/723
f 753/714 754/716 761/724 760/722
f 754/716 755/717 762/725 761/724
f 755/717 756/718 763/726 762/725
f 756/718 757/719 764/727 763/726
f 757/719 758/720 765/728 764/727
f 758/720 830/721 831/729 765/728
f 759/723 760/722 767/730 766/731
f 760/722 761/724 768/732 767/730
f 761/724 762/725 769/733 768/732
f 762/725 763/726 770/734 769/733
f 763/726 764/727 771/735 770/734
f 764/727 765/728 772/736 771/735
f 765/728 831/729 832/737 772/736
f 766/731 767/730 774/738 773/739
f 767/730 768/732 775/740 774/738
f 768/732 769/733 776/741 775/740
f 769/733 770/734 777/742 776/741
f 770/734 771/735 778/743 777/742
f 771/735 772/736 779/744 778/743
f 772/736 832/737 833/745 779/744
f 773/739 774/738 781/746 780/747
f 774/738 775/740 782/748 781/746
f 775/740 776/741 783/749 782/748
f 776/741 777/742 784/750 783/749
f 777/742 778/743 785/751 784/750
f 778/743 779/744 786/752 785/751
f 779/744 833/745 834/753 786/752
f 737/6 787/754 794/755 793/756
f 787/754 788/757 795/758 794/755
f 788/757 789/759 796/760 795/758
f 789/759 790/761 797/762 796/760
f 790/761 791/763 798/764 797/762
f 791/763 792/765 799/766 798/764
f 792/765 876/767 877/768 799/766
f 793/756 794/755 801/769 800/770
f 794/755 795/758 802/771 801/769
f 795/758 796/760 803/772 802/771
f 796/760 797/762 804/773 803/772
f 797/762 798/764 805/774 804/773
f 798/764 799/766 806/775 805/774
f 799/766 877/768 878/776 806/775
f 800/770 801/769 808/777 807/778
f 801/769 802/771 809/779 808/777
f 802/771 803/772 810/780 809/779
f 803/772 804/773 811/781 810/780
f 804/773 805/774 812/782 811/781
f 805/774 806/775 813/783 812/782
f 806/775 878/776 879/784 813/783
f 807/778 808/777 815/785 814/786
f 808/777 809/779 816/787 815/785
f 809/779 810/780 817/788 816/787
f 810/780 811/781 818/789 817/788
f 811/781 812/782 819/790 818/789
f 812/782 813/783 820/791 819/790
f 813/783 879/784 880/792 820/791
f 814/786 815/785 822/793 821/794
f 815/785 816/787 823/795 822/793
f 816/787 817/788 824/796 823/795
f 817/788 818/789 825/797 824/796
f 818/789 819/790 826/798 825/797
f 819/790 820/791 827/799 826/798
f 820/791 880/792 881/800 827/799
f 821/794 822/793 829/801 828/802
f 822/793 823/795 830/803 829/801
f 823/795 824/796 831/804 830/803
f 824/796 825/797 832/805 831/804
f 825/797 826/798 833/806 832/805
f 826/798 827/799 834/807 833/806
f 827/799 881/800 882/808 834/807
f 738/15 835/809 842/810 841/811
f 835/809 836/812 843/813 842/810
f 836/812 837/814 844/815 843/813
f 837/814 838/816 845/817 844/815
f 838/816 839/818 846/819 845/817
f 839/818 840/820 847/821 846/819
f 840/820 780/822 781/422 847/821
f 841/811 842/810 849/823 848/824
f 842/810 843/813 850/825 849/823
f 843/813 844/815 851/826 850/825
f 844/815 845/817 852/827 851/826
f 845/817 846/819 853/828 852/827
f 846/819 847/821 854/829 853/828
f 847/821 781/422 782/830 854/829
f 848/824 849/823 856/831 855/832
f 849/823 850/825 857/833 856/831
f 850/825 851/826 858/834 857/833
f 851/826 852/827 859/835 858/834
f 852/827 853/828 860/836 859/835
f 853/828 854/829 861/837 860/836
f 854/829 782/830 783/838 861/837
f 855/832 856/831 863/839 862/840
f 856/831 857/833 864/841 863/839
f 857/833 858/834 865/842 864/841
f 858/834 859/835 866/843 865/842
f 859/835 860/836 867/844 866/843
f 860/836 861/837 868/845 867/844
f 861/837 783/838 784/846 868/845
f 862/840 863/839 870/847 869/848
f 863/839 864/841 871/849 870/847
f 864/841 865/842 872/850 871/849
f 865/842 866/843 873/851 872/850
f 866/843 867/844 874/852 873/851
f 867/844 868/845 875/853 874/852
f 868/845 784/846 785/854 875/853
f 869/848 870/847 877/855 876/856
f 870/847 871/849 878/857 877/855
f 871/849 872/850 879/858 878/857
f 872/850 873/851 880/859 879/858
f 873/851 874/852 881/860 880/859
f 874/852 875/853 882/861 881/860
f 875/853 785/854 786/862 882/861
f 786/862 834/863 882/861
f 883/9 886/408 893/409 892/410
f 886/408 887/864 894/412 893/409
f 887/864 888/865 895/414 894/412
f 888/865 889/415 896/416 895/414
f 889/415 890/417 897/418 896/416
f 890/417 891/419 898/420 897/418
f 891/419 975/421 976/422 898/420
f 892/410 893/409 900/866 899/424
f 893/409 894/412 901/425 900/866
f 894/412 895/414 902/426 901/425
f 895/414 896/416 903/427 902/426
f 896/416 897/418 904/428 903/427
f 897/418 898/420 905/429 904/428
f 898/420 976/422 977/430 905/429
f 899/424 900/866 907/431 906/432
f 900/866 901/425 908/433 907/431
f 901/425 902/426 909/434 908/433
f 902/426 903/427 910/435 909/434
f 903/427 904/428 911/867 910/435
f 904/428 905/429 912/437 911/867
f 905/429 977/430 978/438 912/437
f 906/432 907/431 914/868 913/440
f 907/431 908/433 915/441 914/868
f 908/433 909/434 916/442 915/441
f 909/434 910/435 917/443 916/442
f 910/435 911/867 918/444 917/443
f 911/867 912/437 919/445 918/444
f 912/437 978/438 979/446 919/445
f 913/440 914/868 921/447 920/448
f 914/868 915/441 922/449 921/447
f 915/441 916/442 923/450 922/449
f 916/442 917/443 924/451 923/450
f 917/443 918/444 925/452 924/451
f 918/444 919/445 926/453 925/452
f 919/445 979/446 980/454 926/453
f 920/448 921/447 928/455 927/456
f 921/447 922/449 929/457 928/455
f 922/449 923/450 930/458 929/457
f 923/450 924/451 931/459 930/458
f 924/451 925/452 932/460 931/459
f 925/452 926/453 933/461 932/460
f 926/453 980/454 981/462 933/461
f 884/10 934/699 941/700 940/701
f 934/699 935/702 942/703 941/700
f 935/702 936/704 943/705 942/703
f 936/704 937/706 944/707 943/705
f 937/706 938/708 945/709 944/707
f 938/708 939/710 946/711 945/709
f 939/710 1023/712 1024/713 946/711
f 940/701 941/700 948/714 947/715
f 941/700 942/703 949/716 948/714
f 942/703 943/705 950/717 949/716
f 943/705 944/707 951/718 950/717
f 944/707 945/709 952/719 951/718
f 945/709 946/711 953/720 952/719
f 946/711 1024/713 1025/721 953/720
f 947/715 948/714 955/722 954/869
f 948/714 949/716 956/724 955/722
f 949/716 950/717 957/725 956/724
f 950/717 951/718 958/726 957/725
f 951/718 952/719 959/870 958/726
f 952/719 953/720 960/728 959/870
f 953/720 1025/721 1026/729 960/728
f 954/869 955/722 962/730 961/731
f 955/722 956/724 963/732 962/730
f 956/724 957/725 964/733 963/732
f 957/725 958/726 965/734 964/733
f 958/726 959/870 966/871 965/734
f 959/870 960/728 967/736 966/871
f 960/728 1026/729 1027/737 967/736
f 961/731 962/730 969/738 968/739
f 962/730 963/732 970/740 969/738
f 963/732 964/733 971/741 970/740
f 964/733 965/734 972/742 971/741
f 965/734 966/871 973/743 972/742
f 966/871 967/736 974/744 973/743
f 967/736 1027/737 1028/745 974/744
f 968/739 969/738 976/746 975/872
f 969/738 970/740 977/748 976/746
f 970/740 971/741 978/749 977/748
f 971/741 972/742 979/750 978/749
f 972/742 973/743 980/751 979/750
f 973/743 974/744 981/752 980/751
f 974/744 1028/745 1029/753 981/752
f 885/7 982/873 989/874 988/875
f 982/873 983/876 990/877 989/874
f 983/876 984/878 991/879 990/877
f 984/878 985/880 992/881 991/879
f 985/880 986/882 993/883 992/881
f 986/882 987/884 994/885 993/883
f 987/884 927/886 928/887 994/885
f 988/875 989/874 996/888 995/889
f 989/874 990/877 997/890 996/888
f 990/877 991/879 998/891 997/890
f 991/879 992/881 999/892 998/891
f 992/881 993/883 1000/893 999/892
f 993/883 994/885 1001/894 1000/893
f 994/885 928/887 929/895 1001/894
f 995/889 996/888 1003/896 1002/897
f 996/888 997/890 1004/898 1003/896
f 997/890 998/891 1005/899 1004/898
f 998/891 999/892 1006/900 1005/899
f 999/892 1000/893 1007/901 1006/900
f 1000/893 1001/894 1008/902 1007/901
f 1001/894 929/895 930/903 1008/902
f 1002/897 1003/896 1010/904 1009/905
f 1003/896 1004/898 1011/906 1010/904
f 1004/898 1005/899 1012/907 1011/906
f 1005/899 1006/900 1013/908 1012/907
f 1006/900 1007/901 1014/909 1013/908
f 1007/901 1008/902 1015/910 1014/909
f 1008/902 930/903 931/911 1015/910
f 1009/905 1010/904 1017/912 1016/913
f 1010/904 1011/906 1018/914 1017/912
f 1011/906 1012/907 1019/915 1018/914
f 1012/907 1013/908 1020/916 1019/915
f 1013/908 1014/909 1021/917 1020/916
f 1014/909 1015/910 1022/918 1021/917
f 1015/910 931/911 932/919 1022/918
f 1016/913 1017/912 1024/920 1023/921
f 1017/912 1018/914 1025/922 1024/920
f 1018/914 1019/915 1026/923 1025/922
f 1019/915 1020/916 1027/924 1026/923
f 1020/916 1021/917 1028/925 1027/924
f 1021/917 1022/918 1029/926 1028/925
f 1022/918 932/919 933/927 1029/926
f 933/927 981/928 1029/926
f 1030/4 1033/529 1040/530 1039/531
f 1033/529 1034/532 1041/533 1040/530
f 1034/532 1035/929 1042/535 1041/533
f 1035/929 1036/536 1043/537 1042/535
f 1036/536 1037/538 1044/539 1043/537
f 1037/538 1038/930 1045/541 1044/539
f 1038/930 1122/542 1123/543 1045/541
f 1039/531 1040/530 1047/544 1046/545
f 1040/530 1041/533 1048/546 1047/544
f 1041/533 1042/535 1049/547 1048/546
f 1042/535 1043/537 1050/548 1049/547
f 1043/537 1044/539 1051/549 1050/548
f 1044/539 1045/541 1052/550 1051/549
f 1045/541 1123/543 1124/551 1052/550
f 1046/545 1047/544 1054/552 1053/553
f 1047/544 1048/546 1055/554 1054/552
f 1048/546 1049/547 1056/555 1055/554
f 1049/547 1050/548 1057/556 1056/555
f 1050/548 1051/549 1058/557 1057/556
f 1051/549 1052/550 1059/558 1058/557
f 1052/550 1124/551 1125/559 1059/558
f 1053/553 1054/552 1061/560 1060/561
f 1054/552 1055/554 1062/562 1061/560
f 1055/554 1056/555 1063/563 1062/562
f 1056/555 1057/556 1064/564 1063/563
f 1057/556 1058/557 1065/565 1064/564
f 1058/557 1059/558 1066/566 1065/565
f 1059/558 1125/559 1126/567 1066/566
f 1060/561 1061/560 1068/568 1067/569
f 1061/560 1062/562 1069/570 1068/568
f 1062/562 1063/563 1070/571 1069/570
f 1063/563 1064/564 1071/572 1070/571
f 1064/564 1065/565 1072/573 1071/572
f 1065/565 1066/566 1073/574 1072/573
f 1066/566 1126/567 1127/575 1073/574
f 1067/569 1068/568 1075/576 1074/577
f 1068/568 1069/570 1076/578 1075/576
f 1069/570 1070/571 1077/579 1076/578
f 1070/571 1071/572 1078/580 1077/579
f 1071/572 1072/573 1079/581 1078/580
f 1072/573 1073/574 1080/582 1079/581
f 1073/574 1127/575 1128/583 1080/582
f 1031/11 1081/643 1088/644 1087/645
f 1081/643 1082/646 1089/647 1088/644
f 1082/646 1083/931 1090/649 1089/647
f 1083/931 1084/650 1091/651 1090/649
f 1084/650 1085/652 1092/653 1091/651
f 1085/652 1086/654 1093/655 1092/653
f 1086/654 1170/656 1171/657 1093/655
f 1087/645 1088/644 1095/658 1094/659
f 1088/644 1089/647 1096/660 1095/658
f 1089/647 1090/649 1097/661 1096/660
f 1090/649 1091/651 1098/662 1097/661
f 1091/651 1092/653 1099/663 1098/662
f 1092/653 1093/655 1100/664 1099/663
f 1093/655 1171/657 1172/665 1100/664
f 1094/659 1095/658 1102/666 1101/667
f 1095/658 1096/660 1103/668 1102/666
f 1096/660 1097/661 1104/669 1103/668
f 1097/661 1098/662 1105/670 1104/669
f 1098/662 1099/663 1106/671 1105/670
f 1099/663 1100/664 1107/672 1106/671
f 1100/664 1172/665 1173/673 1107/672
f 1101/667 1102/666 1109/932 1108/675
f 1102/666 1103/668 1110/676 1109/932
f 1103/668 1104/669 1111/933 1110/676
f 1104/669 1105/670 1112/678 1111/933
f 1105/670 1106/671 1113/679 1112/678
f 1106/671 1107/672 1114/680 1113/679
f 1107/672 1173/673 1174/681 1114/680
f 1108/675 1109/932 1116/682 1115/934
f 1109/932 1110/676 1117/684 1116/682
f 1110/676 1111/933 1118/685 1117/684
f 1111/933 1112/678 1119/686 1118/685
f 1112/678 1113/679 1120/687 1119/686
f 1113/679 1114/680 1121/688 1120/687
f 1114/680 1174/681 1175/689 1121/688
f 1115/934 1116/682 1123/690 1122/691
f 1116/682 1117/684 1124/692 1123/690
f 1117/684 1118/685 1125/693 1124/692
f 1118/685 1119/686 1126/694 1125/693
f 1119/686 1120/687 1127/695 1126/694
f 1120/687 1121/688 1128/696 1127/695
f 1121/688 1175/689 1176/697 1128/696
f 1032/12 1129/464 1136/465 1135/466
f 1129/464 1130/467 1137/468 1136/465
f 1130/467 1131/469 1138/470 1137/468
f 1131/469 1132/471 1139/472 1138/470
f 1132/471 1133/473 1140/474 1139/472
f 1133/473 1134/475 1141/476 1140/474
f 1134/475 1074/477 1075/478 1141/476
f 1135/466 1136/465 1143/479 1142/935
f 1136/465 1137/468 1144/481 1143/479
f 1137/468 1138/470 1145/482 1144/481
f 1138/470 1139/472 1146/483 1145/482
f 1139/472 1140/474 1147/484 1146/483
f 1140/474 1141/476 1148/485 1147/484
f 1141/476 1075/478 1076/486 1148/485
f 1142/935 1143/479 1150/487 1149/488
f 1143/479 1144/481 1151/489 1150/487
f 1144/481 1145/482 1152/490 1151/489
f 1145/482 1146/483 1153/491 1152/490
f 1146/483 1147/484 1154/492 1153/491
f 1147/484 1148/485 1155/493 1154/492
f 1148/485 1076/486 1077/494 1155/493
f 1149/488 1150/487 1157/495 1156/496
f 1150/487 1151/489 1158/497 1157/495
f 1151/489 1152/490 1159/498 1158/497
f 1152/490 1153/491 1160/499 1159/498
f 1153/491 1154/492 1161/500 1160/499
f 1154/492 1155/493 1162/501 1161/500
f 1155/493 1077/494 1078/502 1162/501
f 1156/496 1157/495 1164/503 1163/936
f 1157/495 1158/497 1165/505 1164/503
f 1158/497 1159/498 1166/506 1165/505
f 1159/498 1160/499 1167/507 1166/506
f 1160/499 1161/500 1168/508 1167/507
f 1161/500 1162/501 1169/509 1168/508
f 1162/501 1078/502 1079/510 1169/509
f 1163/936 1164/503 1171/511 1170/512
f 1164/503 1165/505 1172/513 1171/511
f 1165/505 1166/506 1173/514 1172/513
f 1166/506 1167/507 1174/515 1173/514
f 1167/507 1168/508 1175/516 1174/515
f 1168/508 1169/509 1176/517 1175/516
f 1169/509 1079/510 1080/518 1176/517
f 1080/518 1128/937 1176/517
f 2/13 149/16 205/189 52/72
f 52/72 205/189 212/203 53/75
f 53/75 212/203 219/211 54/77
f 54/77 219/211 226/219 55/79
f 55/79 226/219 233/227 56/81
f 56/81 233/227 240/235 57/83
f 57/83 240/235 156/938 141/85
f 141/175 156/28 155/183 134/167
f 134/167 155/183 154/24 127/159
f 127/159 154/24 153/22 120/151
f 120/151 153/22 152/20 113/143
f 113/143 152/20 151/17 106/129
f 106/129 151/17 148/2 3/1
f 3/1 444/4 547/531 100/127
f 100/127 547/531 554/545 101/130
f 101/130 554/545 561/553 102/132
f 102/132 561/553 568/561 103/134
f 103/134 568/561 575/569 104/136
f 104/136 575/569 582/577 105/138
f 105/138 582/577 498/939 45/140
f 45/65 498/309 497/307 38/57
f 38/57 497/307 496/305 31/49
f 31/49 496/305 495/303 24/41
f 24/41 495/303 494/301 17/33
f 17/33 494/301 493/298 10/19
f 10/19 493/298 443/3 1/2
f 1/2 590/1 646/129 4/17
f 4/17 646/129 653/143 5/20
f 5/20 653/143 660/151 6/22
f 6/22 660/151 667/159 7/24
f 7/24 667/159 674/167 8/26
f 8/26 674/167 681/175 9/28
f 9/28 681/175 597/940 93/30
f 93/120 597/596 596/594 86/112
f 86/112 596/594 595/592 79/104
f 79/104 595/592 594/590 72/96
f 72/96 594/590 593/588 65/88
f 65/88 593/588 592/585 58/74
f 58/74 592/585 589/14 2/13
f 150/5 296/8 352/355 247/242
f 247/242 352/355 359/369 248/245
f 248/245 359/369 366/377 249/247
f 249/247 366/377 373/385 250/249
f 250/249 373/385 380/393 251/251
f 251/251 380/393 387/401 252/253
f 252/253 387/401 303/941 192/255
f 192/65 303/309 302/307 185/57
f 185/57 302/307 301/305 178/49
f 178/49 301/305 300/303 171/41
f 171/41 300/303 299/301 164/33
f 164/33 299/301 298/298 157/19
f 157/19 298/298 295/3 148/2
f 149/16 738/15 841/811 199/187
f 199/187 841/811 848/824 200/190
f 200/190 848/824 855/832 201/192
f 201/192 855/832 862/840 202/194
f 202/194 862/840 869/848 203/196
f 203/196 869/848 876/856 204/198
f 204/198 876/856 792/942 288/200
f 288/290 792/765 791/763 281/282
f 281/282 791/763 790/761 274/274
f 274/274 790/761 789/759 267/266
f 267/266 789/759 788/757 260/258
f 260/258 788/757 787/754 253/244
f 253/244 787/754 737/6 150/5
f 297/9 442/12 451/466 394/408
f 394/408 451/466 458/480 395/411
f 395/411 458/480 465/488 396/413
f 396/413 465/488 472/496 397/415
f 397/415 472/496 479/504 398/417
f 398/417 479/504 486/512 399/419
f 399/419 486/512 546/943 339/421
f 339/346 546/540 545/538 332/338
f 332/338 545/538 544/536 325/330
f 325/330 544/536 543/534 318/322
f 318/322 543/534 542/532 311/314
f 311/314 542/532 541/529 304/300
f 304/300 541/529 444/4 295/3
f 296/8 885/7 988/875 346/353
f 346/353 988/875 995/889 347/356
f 347/356 995/889 1002/897 348/358
f 348/358 1002/897 1009/905 349/360
f 349/360 1009/905 1016/913 350/362
f 350/362 1016/913 1023/921 351/364
f 351/364 1023/921 939/944 435/366
f 435/456 939/710 938/708 428/448
f 428/448 938/708 937/706 421/440
f 421/440 937/706 936/704 414/432
f 414/432 936/704 935/702 407/424
f 407/424 935/702 934/699 400/410
f 400/410 934/699 884/10 297/9
f 442/12 1031/11 1087/645 445/464
f 445/464 1087/645 1094/659 446/467
f 446/467 1094/659 1101/667 447/469
f 447/469 1101/667 1108/675 448/471
f 448/471 1108/675 1115/934 449/473
f 449/473 1115/934 1122/691 450/475
f 450/475 1122/691 1038/945 534/477
f 534/346 1038/930 1037/538 527/338
f 527/338 1037/538 1036/536 520/330
f 520/330 1036/536 1035/929 513/322
f 513/322 1035/929 1034/532 506/314
f 506/314 1034/532 1033/529 499/300
f 499/300 1033/529 1030/4 443/3
f 591/11 736/10 745/701 688/643
f 688/643 745/701 752/715 689/646
f 689/646 752/715 759/723 690/648
f 690/648 759/723 766/731 691/650
f 691/650 766/731 773/739 692/652
f 692/652 773/739 780/747 693/654
f 693/654 780/747 840/946 633/656
f 633/633 840/820 839/818 626/625
f 626/625 839/818 838/816 619/617
f 619/617 838/816 837/814 612/609
f 612/609 837/814 836/812 605/601
f 605/601 836/812 835/809 598/587
f 598/587 835/809 738/15 589/14
f 590/1 1030/4 1039/531 640/127
f 640/127 1039/531 1046/545 641/130
f 641/130 1046/545 1053/553 642/132
f 642/132 1053/553 1060/561 643/640
f 643/640 1060/561 1067/569 644/136
f 644/136 1067/569 1074/577 645/138
f 645/138 1074/577 1134/939 729/140
f 729/691 1134/475 1133/473 722/683
f 722/683 1133/473 1132/471 715/675
f 715/675 1132/471 1131/469 708/667
f 708/667 1131/469 1130/467 701/659
f 701/659 1130/467 1129/464 694/645
f 694/645 1129/464 1032/12 591/11
f 736/10 883/9 892/410 739/699
f 739/699 892/410 899/424 740/702
f 740/702 899/424 906/432 741/704
f 741/704 906/432 913/440 742/706
f 742/706 913/440 920/448 743/708
f 743/708 920/448 927/456 744/710
f 744/710 927/456 987/947 828/712
f 828/802 987/884 986/882 821/794
f 821/794 986/882 985/880 814/786
f 814/786 985/880 984/878 807/778
f 807/778 984/878 983/876 800/770
f 800/770 983/876 982/873 793/756
f 793/756 982/873 885/7 737/6
f 883/9 1032/12 1135/466 886/408
f 886/408 1135/466 1142/935 887/864
f 887/864 1142/935 1149/488 888/865
f 888/865 1149/488 1156/496 889/415
f 889/415 1156/496 1163/936 890/417
f 890/417 1163/936 1170/512 891/419
f 891/419 1170/512 1086/943 975/421
f 975/872 1086/654 1085/652 968/739
f 968/739 1085/652 1084/650 961/731
f 961/731 1084/650 1083/931 954/869
f 954/869 1083/931 1082/646 947/715
f 947/715 1082/646 1081/643 940/701
f 940/701 1081/643 1031/11 884/10
f 3/1 148/2 295/3 444/4
