# file generated by UVMapper
# NumVerts/NumTVerts/NumVNormals/NumFacets   308/748/308/333
# NumGroups/NumMaterials/NumRegions   1/1/0
# x/y/color/ppu   1024/755/0/50.00000000

v -0.34625304  0.54568303  0.01257283
v -0.51654541  1.26522326  0.01885583
v  0.92244738  1.88351810  0.01483616
v -0.34769216  0.60030085  0.01253589
v -0.32288679  0.63774544  0.01258990
v -0.29825792  0.66888648  0.01267729
v -0.29609388  0.68923837  0.01282184
v -0.26577237  0.78506738  0.01256660
v -0.23777913  0.82337993  0.01261600
v -0.19462283  0.87452263  0.01259744
v -0.18995729  0.90700334  0.01267774
v -0.17945981  0.92548758  0.01283219
v -0.18412535  0.96380019  0.01288161
v -0.17829342  1.03827035  0.01273952
v -0.20162115  1.06608558  0.01284456
v -0.21095224  1.09506714  0.01294341
v -0.24361105  1.09838855  0.01317819
v -0.25294214  1.03755927  0.01375274
v -0.32525808  0.96623260  0.01438293
v -0.39057571  0.95205832  0.01471040
v -0.46755719  0.95304692  0.01495757
v -0.51071346  0.97736299  0.01508116
v -0.59585965  0.97601885  0.01534069
v -0.63201761  1.02366245  0.01534071
v -0.64601427  1.04914486  0.01545810
v -0.67634028  1.03613698  0.01577937
v -0.71483105  1.03595912  0.01603269
v -0.74865627  1.06843984  0.01611303
v -0.75332177  1.09042323  0.01624894
v -0.76032013  1.13223493  0.01627984
v -0.78481424  1.15421832  0.01641577
v -0.78714699  1.19019806  0.01647755
v -0.78598058  1.23550892  0.01648990
v -0.76381928  1.27498794  0.01653313
v -0.73232687  1.30047035  0.01665049
v -0.69033694  1.30262530  0.01689140
v -0.65884453  1.30011475  0.01715702
v -0.64134872  1.32909644  0.01725586
v -0.61918741  1.34524786  0.01742264
v -0.58652860  1.34740281  0.01766356
v -0.55503613  1.33556128  0.01797860
v -0.52704287  1.29456043  0.01844810
v -0.33288997  0.51471841  0.01273686
v -0.35283971  0.49493861  0.01284168
v -0.34798223  0.45245755  0.01306671
v -0.35399207  0.40800065  0.01330222
v -0.38371250  0.29834029  0.01388310
v -0.37193939  0.26376271  0.01406627
v -0.36510602  0.22720924  0.01425991
v -0.42446467  0.18472821  0.01448499
v -0.47690773  0.20152304  0.01439610
v -0.55009753  0.17188509  0.01455317
v -0.55907118  0.02863506  0.01531195
v -0.50481665  0.02369541  0.01533810
v -0.46340534  0.01381609  0.01539043
v -0.21551444  0.01677989  0.01537459
v -0.19188607  0.24301614  0.01417632
v -0.07539126  0.25091958  0.01413441
v -0.04978700  0.26573855  0.01405593
v -0.06271243  0.36255583  0.01354317
v -0.08156551  0.48604721  0.01288912
v -0.11622563  0.53445584  0.01263278
v -0.08172990  0.60558689  0.01225603
v -0.04624624  0.59669554  0.01230313
v -0.00285905  0.62534553  0.01215138
v  0.01978138  0.59965932  0.01228745
v  0.08490327  0.59965932  0.01228744
v  0.11248341  0.62435758  0.01215663
v  0.12228061  0.67869383  0.01186886
v  0.15183663  0.65893519  0.01197352
v  0.21695852  0.55915415  0.01250201
v  0.19514161  0.51667309  0.01272707
v  0.32052788  0.01776782  0.01536953
v  0.61034477  0.01531029  0.01538237
v -0.43035883  1.26263714  0.01886816
v -0.38382936  1.26471639  0.01885580
v -0.37462425  1.31578350  0.01858400
v -0.35725445  1.33885765  0.01846047
v -0.33638549  1.34210336  0.01844195
v -0.30618545  1.36517751  0.01831840
v -0.30164590  1.41741097  0.01804043
v -0.28077692  1.43698597  0.01793542
v -0.22258361  1.49971676  0.01760181
v -0.18188608  1.54611838  0.01735470
v -0.18317845  1.66250253  0.01673694
v -0.21013133  1.71240330  0.01647135
v -0.21025732  1.76463675  0.01619338
v -0.16955979  1.79704177  0.01602040
v -0.13469419  1.81661677  0.01591538
v -0.10566053  1.85485375  0.01571153
v -0.07779325  1.88259339  0.01556327
v -0.01726716  1.88117361  0.01556944
v  0.02219785  1.89958227  0.01547060
v  0.07292525  1.89816248  0.01547677
v  0.12365596  1.84775496  0.01574241
v  0.16272900  1.67137897  0.01667527
v  0.21114209  1.59297848  0.01708919
v  0.28406110  1.51924348  0.01747837
v  0.28358978  1.48770249  0.01764412
v  0.31462795  1.48148382  0.01767573
v  0.34170881  1.43748510  0.01790745
v  0.32705438  1.37559056  0.01823398
v  0.34622765  1.31170774  0.01857102
v  0.38332316  1.26373219  0.01882379
v  0.43834290  1.21774507  0.01906602
v  0.49339265  1.21749175  0.01906601
v  0.52063578  1.19735408  0.01917134
v  0.54990029  1.22295022  0.01903444
v  0.58118743  1.30819893  0.01858158
v  0.63438243  1.30993402  0.01857104
v  0.62796009  1.41109014  0.01803395
v  0.66333145  1.56593370  0.01721246
v  0.76236951  1.74463820  0.01626455
v  0.61912179  0.02578979  0.01708417
v  0.62958127  0.04628448  0.01722662
v  0.63107550  0.08022692  0.01729785
v  0.61912179  0.12612292  0.01730577
v  0.57905531  0.17321542  0.01730737
v  0.52337897  0.20668666  0.01738114
v  0.47764483  0.23816948  0.01746543
v  0.47764483  0.30146706  0.01738117
v  0.52735585  0.33493829  0.01745486
v  0.52536744  0.39028218  0.01741273
v  0.49554080  0.44562605  0.01737062
v  0.47764483  0.54471523  0.01709681
v  0.44384134  0.58812857  0.01711789
v  0.43787602  0.64347243  0.01707577
v  0.40176210  0.71273530  0.01695994
v  0.28594634  0.87943083  0.01632811
v  0.32722294  0.88506413  0.01654925
v  0.34663543  0.89666271  0.01673881
v  0.36009455  0.93411082  0.01679146
v  0.41134909  0.90395254  0.01720217
v  0.47455233  0.90560907  0.01744436
v  0.51391512  0.91720766  0.01763391
v  0.50955594  0.86915356  0.01813945
v  0.54896861  0.83899534  0.01855016
v  0.60829431  0.82673287  0.01886608
v  0.65373176  0.85423881  0.01897137
v  0.66539848  0.93742061  0.01878178
v  0.76657969  1.05440557  0.01841309
v  0.81013221  1.05606210  0.01865530
v  0.84576839  1.18895435  0.01820240
v  0.79792857  1.23037934  0.01823403
v  0.91516858  1.44280863  0.01735980
v  0.96285301  1.66716838  0.01642242
v  0.22120681  0.41649687  0.01325765
v  0.19787498  0.34595856  0.01363129
v  0.22295223  0.29023924  0.01392640
v  0.30236623  0.28391650  0.01395984
v -0.34625304  0.54568303 -0.02012468
v -0.34769216  0.60030085 -0.02016162
v -0.32288679  0.63774544 -0.02010762
v -0.29825792  0.66888648 -0.02002022
v -0.29609388  0.68923837 -0.01987567
v -0.26577237  0.78506738 -0.02013091
v -0.23777913  0.82337993 -0.02008151
v -0.19462283  0.87452263 -0.02010008
v -0.18995729  0.90700334 -0.02001977
v -0.17945981  0.92548758 -0.01986533
v -0.18412535  0.96380019 -0.01981590
v -0.17829342  1.03827035 -0.01995800
v -0.20162115  1.06608558 -0.01985295
v -0.21095224  1.09506714 -0.01975410
v -0.24361105  1.09838855 -0.01951932
v -0.25294214  1.03755927 -0.01894477
v -0.32525808  0.96623260 -0.01831458
v -0.39057571  0.95205832 -0.01798711
v -0.46755719  0.95304692 -0.01773994
v -0.51071346  0.97736299 -0.01761635
v -0.59585965  0.97601885 -0.01735682
v -0.63201761  1.02366245 -0.01735680
v -0.64601427  1.04914486 -0.01723941
v -0.67634028  1.03613698 -0.01691814
v -0.71483105  1.03595912 -0.01666482
v -0.74865627  1.06843984 -0.01658448
v -0.75332177  1.09042323 -0.01644857
v -0.76032013  1.13223493 -0.01641767
v -0.78481424  1.15421832 -0.01628174
v -0.78714699  1.19019806 -0.01621996
v -0.78598058  1.23550892 -0.01620761
v -0.76381928  1.27498794 -0.01616438
v -0.73232687  1.30047035 -0.01604702
v -0.69033694  1.30262530 -0.01580611
v -0.65884453  1.30011475 -0.01554049
v -0.64134872  1.32909644 -0.01544166
v -0.61918741  1.34524786 -0.01527487
v -0.58652860  1.34740281 -0.01503396
v -0.55503613  1.33556128 -0.01471891
v -0.52704287  1.29456043 -0.01424941
v -0.51654541  1.26522326 -0.01384168
v -0.43035883  1.26263714 -0.01382935
v -0.38382936  1.26471639 -0.01384171
v -0.37462425  1.31578350 -0.01411351
v -0.35725445  1.33885765 -0.01423705
v -0.33638549  1.34210336 -0.01425556
v -0.30618545  1.36517751 -0.01437911
v -0.30164590  1.41741097 -0.01465708
v -0.28077692  1.43698597 -0.01476209
v -0.22258361  1.49971676 -0.01509570
v -0.18188608  1.54611838 -0.01534281
v -0.18317845  1.66250253 -0.01596057
v -0.21013133  1.71240330 -0.01622616
v -0.21025732  1.76463675 -0.01650413
v -0.16955979  1.79704177 -0.01667711
v -0.13469419  1.81661677 -0.01678213
v -0.10566053  1.85485375 -0.01698599
v -0.07779325  1.88259339 -0.01713424
v -0.01726716  1.88117361 -0.01712807
v  0.02219785  1.89958227 -0.01722692
v  0.07292525  1.89816248 -0.01722074
v  0.12365596  1.84775496 -0.01695510
v  0.16272900  1.67137897 -0.01602224
v  0.21114209  1.59297848 -0.01560832
v  0.28406110  1.51924348 -0.01521914
v  0.28358978  1.48770249 -0.01505339
v  0.31462795  1.48148382 -0.01502178
v  0.34170881  1.43748510 -0.01479006
v  0.32705438  1.37559056 -0.01446353
v  0.34622765  1.31170774 -0.01412649
v  0.38332316  1.26373219 -0.01387372
v  0.43834290  1.21774507 -0.01363149
v  0.49339265  1.21749175 -0.01363150
v  0.52063578  1.19735408 -0.01352617
v  0.54990029  1.22295022 -0.01366307
v  0.58118743  1.30819893 -0.01411593
v  0.63438243  1.30993402 -0.01412647
v  0.62796009  1.41109014 -0.01466356
v  0.66333145  1.56593370 -0.01548505
v  0.76236951  1.74463820 -0.01643296
v  0.92244738  1.88351810 -0.01786135
v  0.96285301  1.66716838 -0.01627509
v  0.91516858  1.44280863 -0.01533771
v  0.79792857  1.23037934 -0.01446348
v  0.84576839  1.18895435 -0.01449511
v  0.81013221  1.05606210 -0.01404221
v  0.76657969  1.05440557 -0.01428442
v  0.66539848  0.93742061 -0.01391573
v  0.65373176  0.85423881 -0.01372614
v  0.60829431  0.82673287 -0.01383143
v  0.54896861  0.83899534 -0.01414735
v  0.50955594  0.86915356 -0.01455807
v  0.51391512  0.91720766 -0.01506360
v  0.47455233  0.90560907 -0.01525315
v  0.41134909  0.90395254 -0.01549534
v  0.36009455  0.93411082 -0.01590605
v  0.34663543  0.89666271 -0.01595870
v  0.32722294  0.88506413 -0.01614826
v  0.28594634  0.87943083 -0.01636940
v  0.40176210  0.71273530 -0.01573757
v  0.43787602  0.64347243 -0.01562174
v  0.44384134  0.58812857 -0.01557962
v  0.47764483  0.54471523 -0.01560070
v  0.49554080  0.44562605 -0.01532689
v  0.52536744  0.39028218 -0.01528478
v  0.52735585  0.33493829 -0.01524265
v  0.47764483  0.30146706 -0.01531634
v  0.47764483  0.23816948 -0.01523209
v  0.52337897  0.20668666 -0.01531637
v  0.57905531  0.17321542 -0.01539014
v  0.61912179  0.12612292 -0.01539174
v  0.63107550  0.08022692 -0.01539966
v  0.62958127  0.04628448 -0.01547089
v  0.61912179  0.02578979 -0.01561334
v  0.61034477  0.01531029 -0.01731514
v  0.32052788  0.01776782 -0.01732799
v  0.30236623  0.28391650 -0.01873767
v  0.22295223  0.29023924 -0.01877111
v  0.19787498  0.34595856 -0.01906623
v  0.22120681  0.41649687 -0.01943986
v  0.19514161  0.51667309 -0.01997045
v  0.21695852  0.55915415 -0.02019550
v  0.15183663  0.65893519 -0.02072399
v  0.12228061  0.67869383 -0.02082865
v  0.11248341  0.62435758 -0.02054088
v  0.08490327  0.59965932 -0.02041008
v  0.01978138  0.59965932 -0.02041006
v -0.00285905  0.62534553 -0.02054613
v -0.04624624  0.59669554 -0.02039438
v -0.08172990  0.60558689 -0.02044148
v -0.11622563  0.53445584 -0.02006474
v -0.08156551  0.48604721 -0.01980839
v -0.06271243  0.36255583 -0.01915435
v -0.04978700  0.26573855 -0.01864158
v -0.07539126  0.25091958 -0.01856310
v -0.19188607  0.24301614 -0.01852119
v -0.21551444  0.01677989 -0.01732292
v -0.46340534  0.01381609 -0.01730708
v -0.50481665  0.02369541 -0.01735941
v -0.55907118  0.02863506 -0.01738556
v -0.55009753  0.17188509 -0.01814435
v -0.47690773  0.20152304 -0.01830141
v -0.42446467  0.18472821 -0.01821252
v -0.36510602  0.22720924 -0.01843760
v -0.37193939  0.26376271 -0.01863124
v -0.38371250  0.29834029 -0.01881441
v -0.35399207  0.40800065 -0.01939529
v -0.34798223  0.45245755 -0.01963080
v -0.35283971  0.49493861 -0.01985584
v -0.33288997  0.51471841 -0.01996065
v -1.00000000  0.00000000 -1.00000000
v -1.00000000  0.00000000  1.00000000
v -1.00000000  0.05000000 -1.00000000
v -1.00000000  0.05000000  1.00000000
v  1.00000000  0.00000000 -1.00000000
v  1.00000000  0.00000000  1.00000000
v  1.00000000  0.05000000 -1.00000000
v  1.00000000  0.05000000  1.00000000

vt  0.33838463  0.44668415
vt  0.13023597  0.43835202
vt  0.13025442  0.43362829
vt  0.13393290  0.43362829
vt  0.62037873  0.54812014
vt  0.62405723  0.54812014
vt  0.62410307  0.55259567
vt  0.48127532  0.82018352
vt  0.48127532  0.82517165
vt  0.46326655  0.82495373
vt  0.46326655  0.81996566
vt  0.13391028  0.44668415
vt  0.13023181  0.44668415
vt  0.13391444  0.43835202
vt  0.34117523  0.45239645
vt  0.36442462  0.43663928
vt  0.13391636  0.45239645
vt  0.13023789  0.45239645
vt  0.34394595  0.45714709
vt  0.34418944  0.46025184
vt  0.13392620  0.45714709
vt  0.13024771  0.45714709
vt  0.35074982  0.48071557
vt  0.34760061  0.47487086
vt  0.13026398  0.46025184
vt  0.13391374  0.47487086
vt  0.13394246  0.46025184
vt  0.36830539  0.44749054
vt  0.35560492  0.48851755
vt  0.13391930  0.48071557
vt  0.13023527  0.47487086
vt  0.35612980  0.49347258
vt  0.13023874  0.48851755
vt  0.13024083  0.48071557
vt  0.13392624  0.49347258
vt  0.13391721  0.48851755
vt  0.35731074  0.49629241
vt  0.35678589  0.50213712
vt  0.13024777  0.49347258
vt  0.13027070  0.50213712
vt  0.13026515  0.49629241
vt  0.13394362  0.49629241
vt  0.35481760  0.51774108
vt  0.13393320  0.51349777
vt  0.13394918  0.50213712
vt  0.13394500  0.51774108
vt  0.13026655  0.51774108
vt  0.13025472  0.51349777
vt  0.35376787  0.52216232
vt  0.13395613  0.52216232
vt  0.13027766  0.52216232
vt  0.33356023  0.50034589
vt  0.34090844  0.50250822
vt  0.34904400  0.51338929
vt  0.35009375  0.17956355
vt  0.35009375  0.17457543
vt  0.35376787  0.17453963
vt  0.35376787  0.17952773
vt  0.62095284  0.51338929
vt  0.62463129  0.51338929
vt  0.62469596  0.52266902
vt  0.62101746  0.52266902
vt  0.34090844  0.17974734
vt  0.34904400  0.17466308
vt  0.34904400  0.17965119
vt  0.32004473  0.50420618
vt  0.32489979  0.50049669
vt  0.34090844  0.17475922
vt  0.32489979  0.17983499
vt  0.32489979  0.17484689
vt  0.33356023  0.17480917
vt  0.33356023  0.17979729
vt  0.30639800  0.51126933
vt  0.31046578  0.50400114
vt  0.32004473  0.17486574
vt  0.31046578  0.17989345
vt  0.31046578  0.17490533
vt  0.32004473  0.17985386
vt  0.30482337  0.51515675
vt  0.13422583  0.51126933
vt  0.13054736  0.50400114
vt  0.13422583  0.50400114
vt  0.29196396  0.52783239
vt  0.29275128  0.52145386
vt  0.30141169  0.51317233
vt  0.13423903  0.51515675
vt  0.13056056  0.51515675
vt  0.13054736  0.51126933
vt  0.29327616  0.51810026
vt  0.29708150  0.51314521
vt  0.30141169  0.17497225
vt  0.30482337  0.17492324
vt  0.30482337  0.17991136
vt  0.29708150  0.17501090
vt  0.30141169  0.17996037
vt  0.29327616  0.18001127
vt  0.29327616  0.17502315
vt  0.29708150  0.17999901
vt  0.13063425  0.51810026
vt  0.13431272  0.51810026
vt  0.28894594  0.53667486
vt  0.28920838  0.53118598
vt  0.13433148  0.52783239
vt  0.13065301  0.52783239
vt  0.13064954  0.52145386
vt  0.13432801  0.52145386
vt  0.28920838  0.18005744
vt  0.28920838  0.17506935
vt  0.29196396  0.17504860
vt  0.29196396  0.18003671
vt  0.29157031  0.54960978
vt  0.28907716  0.54358715
vt  0.13066830  0.53118598
vt  0.13434677  0.53118598
vt  0.13435511  0.54358715
vt  0.13067664  0.54358715
vt  0.13067526  0.53667486
vt  0.13435373  0.53667486
vt  0.29511321  0.55349720
vt  0.13435997  0.54960978
vt  0.13068150  0.54960978
vt  0.29511321  0.81990677
vt  0.29157031  0.82491279
vt  0.29157031  0.81992465
vt  0.29983708  0.55382597
vt  0.29983708  0.81987000
vt  0.29511321  0.82489485
vt  0.30337998  0.55344296
vt  0.31151551  0.56065691
vt  0.30337998  0.81982946
vt  0.30337998  0.82481760
vt  0.29983708  0.82485813
vt  0.30534825  0.55786419
vt  0.30784139  0.56032819
vt  0.13444129  0.55786419
vt  0.13076282  0.55786419
vt  0.13075170  0.55344296
vt  0.13443017  0.55344296
vt  0.30784139  0.81978899
vt  0.30784139  0.82477707
vt  0.30534825  0.82480252
vt  0.30534825  0.81981438
vt  0.31151551  0.81975222
vt  0.31505841  0.81970417
vt  0.31505841  0.82469225
vt  0.31151551  0.82474035
vt  0.31820765  0.55259567
vt  0.31505841  0.55885047
vt  0.31938863  0.54812014
vt  0.62042463  0.55259567
vt  0.62415588  0.55885047
vt  0.62047744  0.55885047
vt  0.34004986  0.43362829
vt  0.33854651  0.43835202
vt  0.34004986  0.82050377
vt  0.34004986  0.82549191
vt  0.33780551  0.82547593
vt  0.33780551  0.82048780
vt  0.33780551  0.43061081
vt  0.13394469  0.43061081
vt  0.13026622  0.43061081
vt  0.13397001  0.42413020
vt  0.13029154  0.42413020
vt  0.33767587  0.41734815
vt  0.37044483  0.41041538
vt  0.13399650  0.41734815
vt  0.13031803  0.41734815
vt  0.13038337  0.40061912
vt  0.33433232  0.40061912
vt  0.13406184  0.40061912
vt  0.35591280  0.39217922
vt  0.13408245  0.39534420
vt  0.13040398  0.39534420
vt  0.13042577  0.38976786
vt  0.13410424  0.38976786
vt  0.35325462  0.35766616
vt  0.33565679  0.39534420
vt  0.33642557  0.82027143
vt  0.33642557  0.82525957
vt  0.32974771  0.82522523
vt  0.32536688  0.35721403
vt  0.33642557  0.38976786
vt  0.32974771  0.82023710
vt  0.32070813  0.35872117
vt  0.32974771  0.38328722
vt  0.32384786  0.82025069
vt  0.32384786  0.82523876
vt  0.31561401  0.82521486
vt  0.31561401  0.82022673
vt  0.31561401  0.38132796
vt  0.31460449  0.35947472
vt  0.32384786  0.38584933
vt  0.13413723  0.38132796
vt  0.13045876  0.38132796
vt  0.13054413  0.35947472
vt  0.13422260  0.35947472
vt  0.31460449  0.17988905
vt  0.31460449  0.17490095
vt  0.32070813  0.17989305
vt  0.32070813  0.17490493
vt  0.32536688  0.17491291
vt  0.32536688  0.17990102
vt  0.35325462  0.17491052
vt  0.35325462  0.17989860
vt  0.62077039  0.35766616
vt  0.62444884  0.35766616
vt  0.62458366  0.39217922
vt  0.62090516  0.39217922
vt  0.35591280  0.17971583
vt  0.35591280  0.17472771
vt  0.36901847  0.17472132
vt  0.36901847  0.17970942
vt  0.36901847  0.39338493
vt  0.37189895  0.39564562
vt  0.37189895  0.17470933
vt  0.37189895  0.17969745
vt  0.62091875  0.39564562
vt  0.62459719  0.39564562
vt  0.62465489  0.41041538
vt  0.62097639  0.41041538
vt  0.62105000  0.42925438
vt  0.62472844  0.42925438
vt  0.62475729  0.43663928
vt  0.33835199  0.42413020
vt  0.36832386  0.42925438
vt  0.62107885  0.43663928
vt  0.62479967  0.44749054
vt  0.62112123  0.44749054
vt  0.36830539  0.17942287
vt  0.36830539  0.17443477
vt  0.37229729  0.17444195
vt  0.37229729  0.17943005
vt  0.37229729  0.44613415
vt  0.37717834  0.45050481
vt  0.37717834  0.17441879
vt  0.37717834  0.17940690
vt  0.13386703  0.45050481
vt  0.13018855  0.45050481
vt  0.13020386  0.44658628
vt  0.13388234  0.44658628
vt  0.37972540  0.44658628
vt  0.38705158  0.44658628
vt  0.39015436  0.45035407
vt  0.37972540  0.17942767
vt  0.37972540  0.17443955
vt  0.38705158  0.17942765
vt  0.38705158  0.17443955
vt  0.39015436  0.17441960
vt  0.39015436  0.17940770
vt  0.62113237  0.45035407
vt  0.62481087  0.45035407
vt  0.62484324  0.45864326
vt  0.62116480  0.45864326
vt  0.39125654  0.17936380
vt  0.39125654  0.17437570
vt  0.39458162  0.17439166
vt  0.39458162  0.17937976
vt  0.39458162  0.45562899
vt  0.42269823  0.46383637
vt  0.40966895  0.48926631
vt  0.39125654  0.45864326
vt  0.13384701  0.45562899
vt  0.13016854  0.45562899
vt  0.13390647  0.44040710
vt  0.13022800  0.44040710
vt  0.13025333  0.43392646
vt  0.39945340  0.43392646
vt  0.42743212  0.44482723
vt  0.13393179  0.43392646
vt  0.13031301  0.41864428
vt  0.13399148  0.41864428
vt  0.43123502  0.39143986
vt  0.43123502  0.40109611
vt  0.41355938  0.17989784
vt  0.41355938  0.17490974
vt  0.44616377  0.17491169
vt  0.44616377  0.17989981
vt  0.44264370  0.38153091
vt  0.43638012  0.38663706
vt  0.62076950  0.35744199
vt  0.62444794  0.35744199
vt  0.62425649  0.35904068
vt  0.62057805  0.35904068
vt  0.32908460  0.54772562
vt  0.32908460  0.81956846
vt  0.31938863  0.82455844
vt  0.31938863  0.81957036
vt  0.33431917  0.54804283
vt  0.35009375  0.52266902
vt  0.33431917  0.81957036
vt  0.33431917  0.82455844
vt  0.32908460  0.82455659
vt  0.33535475  0.55583328
vt  0.33965662  0.55984849
vt  0.33730885  0.55935335
vt  0.13459070  0.55583328
vt  0.13091223  0.55583328
vt  0.13094281  0.54804283
vt  0.13462128  0.54804283
vt  0.13457680  0.55935335
vt  0.13089833  0.55935335
vt  0.33965662  0.82462156
vt  0.33730885  0.82461876
vt  0.33730885  0.81963062
vt  0.34356481  0.57133687
vt  0.34305412  0.81965232
vt  0.34305412  0.82464045
vt  0.33965662  0.81963348
vt  0.13452955  0.57133687
vt  0.13085108  0.57133687
vt  0.13088235  0.56336850
vt  0.13456082  0.56336850
vt  0.34591258  0.57432312
vt  0.34305412  0.56336850
vt  0.34591258  0.81971073
vt  0.34591258  0.82469887
vt  0.34356481  0.82468283
vt  0.34356481  0.81969476
vt  0.35245934  0.58389288
vt  0.40940383  0.58206010
vt  0.35703781  0.59097159
vt  0.13083926  0.57432312
vt  0.13451773  0.57432312
vt  0.13080172  0.58389288
vt  0.13448021  0.58389288
vt  0.35689241  0.60872638
vt  0.35384604  0.62430727
vt  0.35386020  0.61633891
vt  0.13077393  0.59097159
vt  0.13445240  0.59097159
vt  0.13435303  0.61633891
vt  0.13070443  0.60872638
vt  0.13438290  0.60872638
vt  0.13432175  0.62430727
vt  0.13064328  0.62430727
vt  0.13067456  0.61633891
vt  0.35842451  0.62925076
vt  0.36234689  0.63223702
vt  0.35842451  0.82499099
vt  0.35384604  0.82496458
vt  0.35384604  0.81997651
vt  0.36234689  0.82001889
vt  0.36234689  0.82500702
vt  0.35842451  0.82000291
vt  0.36561316  0.63807017
vt  0.37555742  0.64208537
vt  0.36874825  0.64230192
vt  0.13426754  0.63807017
vt  0.13058907  0.63807017
vt  0.13061202  0.63223702
vt  0.13429047  0.63223702
vt  0.36874825  0.82007265
vt  0.36874825  0.82506073
vt  0.36561316  0.82503814
vt  0.36561316  0.82005000
vt  0.39580700  0.61008054
vt  0.39141127  0.63698721
vt  0.37999725  0.64489365
vt  0.38570407  0.64467704
vt  0.37999725  0.82008678
vt  0.37555742  0.82505977
vt  0.37555742  0.82007170
vt  0.37999725  0.82507485
vt  0.39141127  0.82004529
vt  0.39141127  0.82503343
vt  0.38570407  0.82507396
vt  0.38570407  0.82008582
vt  0.62062407  0.61008054
vt  0.62440747  0.63698721
vt  0.62072897  0.63698721
vt  0.40125346  0.59812027
vt  0.40945685  0.58687174
vt  0.62057751  0.59812027
vt  0.62425596  0.59812027
vt  0.62430251  0.61008054
vt  0.41594222  0.57439923
vt  0.41289562  0.58111137
vt  0.62051505  0.58206010
vt  0.62419355  0.58206010
vt  0.62421215  0.58687174
vt  0.62053370  0.58687174
vt  0.41289562  0.81975037
vt  0.41289562  0.82473850
vt  0.40940383  0.82474327
vt  0.40940383  0.81975520
vt  0.62048542  0.57439923
vt  0.62416393  0.57439923
vt  0.62418997  0.58111137
vt  0.62051147  0.58111137
vt  0.41429359  0.56495702
vt  0.41645059  0.55521154
vt  0.35744196  0.51349777
vt  0.62041080  0.55521154
vt  0.62408924  0.55521154
vt  0.62412715  0.56495702
vt  0.62044871  0.56495702
vt  0.62038237  0.54789269
vt  0.62406081  0.54789269
vt  0.43300667  0.54083860
vt  0.42681357  0.81953830
vt  0.42062384  0.82456332
vt  0.42062384  0.81957525
vt  0.43300667  0.81953830
vt  0.42681357  0.82452637
vt  0.43531543  0.49502930
vt  0.45235732  0.49811283
vt  0.43607152  0.53776652
vt  0.43936378  0.54167128
vt  0.43607152  0.82451034
vt  0.43300667  0.82452637
vt  0.44288358  0.55467623
vt  0.43936378  0.81954312
vt  0.43936378  0.82453120
vt  0.43607152  0.81952220
vt  0.13459043  0.55467623
vt  0.13091196  0.55467623
vt  0.13096291  0.54167128
vt  0.13464136  0.54167128
vt  0.44886801  0.55494094
vt  0.48045644  0.57521141
vt  0.44814548  0.57037264
vt  0.44886801  0.81961381
vt  0.44886801  0.82460189
vt  0.44288358  0.82460028
vt  0.44288358  0.81961215
vt  0.45212477  0.59399450
vt  0.13091077  0.55494094
vt  0.13458924  0.55494094
vt  0.46326655  0.62125641
vt  0.13085034  0.57037264
vt  0.13452882  0.57037264
vt  0.48582095  0.60943818
vt  0.48127532  0.64244300
vt  0.13432977  0.62125641
vt  0.13065130  0.62125641
vt  0.13075793  0.59399450
vt  0.13443640  0.59399450
vt  0.44715118  0.35904068
vt  0.44715118  0.37434679
vt  0.44616377  0.35744199
vt  0.62424052  0.36216721
vt  0.62056202  0.36216721
vt  0.44832787  0.36216721
vt  0.44849598  0.36734521
vt  0.62423247  0.36734521
vt  0.62055403  0.36734521
vt  0.62423158  0.37434679
vt  0.62055314  0.37434679
vt  0.62423140  0.38153091
vt  0.62055296  0.38153091
vt  0.44264370  0.81980658
vt  0.44264370  0.82479465
vt  0.43638012  0.81979531
vt  0.43638012  0.82478338
vt  0.43123502  0.82477057
vt  0.43123502  0.81978244
vt  0.41355938  0.35781690
vt  0.62053514  0.39143986
vt  0.62421364  0.39143986
vt  0.62422311  0.40109611
vt  0.62054461  0.40109611
vt  0.43123502  0.18020473
vt  0.43123502  0.17521662
vt  0.43682751  0.17522787
vt  0.43682751  0.18021597
vt  0.43682751  0.40620226
vt  0.62053633  0.40620226
vt  0.62421483  0.40620226
vt  0.62421954  0.41464514
vt  0.62054110  0.41464514
vt  0.62054580  0.42308801
vt  0.41151619  0.39841872
vt  0.43660381  0.41464514
vt  0.62422431  0.42308801
vt  0.62057662  0.43820438
vt  0.43123502  0.43820438
vt  0.40238574  0.41864428
vt  0.62425512  0.43820438
vt  0.62425274  0.44482723
vt  0.62057424  0.44482723
vt  0.62425745  0.45327011
vt  0.62057900  0.45327011
vt  0.42676103  0.45327011
vt  0.40190780  0.44040710
vt  0.62059206  0.46383637
vt  0.62427050  0.46383637
vt  0.62434155  0.48926631
vt  0.62066311  0.48926631
vt  0.40966895  0.18004407
vt  0.40966895  0.17505597
vt  0.42062384  0.54789269
vt  0.41431257  0.18007781
vt  0.41431257  0.17508970
vt  0.41649649  0.17511861
vt  0.41649649  0.18010673
vt  0.41649649  0.49189508
vt  0.41431257  0.49012569
vt  0.62061691  0.49189508
vt  0.62429535  0.49189508
vt  0.62428945  0.49760792
vt  0.62061095  0.49760792
vt  0.41801062  0.18011476
vt  0.41801062  0.17512666
vt  0.42377675  0.17518930
vt  0.42377675  0.18017741
vt  0.42377675  0.49300718
vt  0.43088713  0.49325988
vt  0.43088713  0.17522626
vt  0.43088713  0.18021436
vt  0.43531543  0.17525518
vt  0.43531543  0.18024328
vt  0.42681357  0.54087722
vt  0.41801062  0.49760792
vt  0.13448381  0.49502930
vt  0.13080534  0.49502930
vt  0.13086221  0.48769850
vt  0.13454069  0.48769850
vt  0.43482503  0.48769850
vt  0.43482503  0.18032041
vt  0.43482503  0.17533229
vt  0.43925893  0.18038306
vt  0.43925893  0.17539495
vt  0.44593307  0.17544314
vt  0.44593307  0.48122707
vt  0.45104480  0.48542318
vt  0.43925893  0.48309776
vt  0.44593307  0.18043125
vt  0.45104480  0.17545921
vt  0.45104480  0.18044731
vt  0.62036574  0.48542318
vt  0.62404418  0.48542318
vt  0.62406552  0.49811283
vt  0.62038708  0.49811283
vt  0.62410700  0.51595926
vt  0.62042856  0.51595926
vt  0.46374020  0.18036215
vt  0.46374020  0.17537403
vt  0.46863985  0.17541099
vt  0.46863985  0.18039909
vt  0.46863985  0.51621199
vt  0.47264892  0.53648514
vt  0.46726695  0.54280460
vt  0.46374020  0.51595926
vt  0.62040132  0.51621199
vt  0.62407976  0.51621199
vt  0.62413073  0.53648514
vt  0.62045223  0.53648514
vt  0.47264892  0.81967002
vt  0.47264892  0.82465816
vt  0.46726695  0.82465333
vt  0.46726695  0.81966519
vt  0.62044871  0.54280460
vt  0.62412715  0.54280460
vt  0.62054706  0.57521141
vt  0.62422550  0.57521141
vt  0.62433094  0.60943818
vt  0.62065250  0.60943818
vt  0.62450939  0.64244300
vt  0.62083095  0.64244300
vt  0.13035505  0.40788344
vt  0.13403352  0.40788344
vt  0.43324834  0.42308801
vt  0.13038824  0.39938328
vt  0.13406672  0.39938328
vt  0.40258211  0.39938328
vt  0.39976093  0.40788344
vt  0.40258211  0.17967768
vt  0.40258211  0.17468958
vt  0.41151619  0.17469469
vt  0.41151619  0.17968279
vt  0.13407049  0.39841872
vt  0.13039201  0.39841872
vt  0.13055061  0.35781690
vt  0.13422906  0.35781690
vt  0.90382481  0.45239645
vt  0.88057542  0.43663928
vt  0.90661538  0.44668415
vt  0.90645349  0.43835202
vt  0.90105402  0.45714709
vt  0.89739943  0.47487086
vt  0.89425015  0.48071557
vt  0.87669462  0.44749054
vt  0.90081060  0.46025184
vt  0.88939512  0.48851755
vt  0.88887024  0.49347258
vt  0.88768923  0.49629241
vt  0.85374343  0.45864326
vt  0.88821411  0.50213712
vt  0.89018238  0.51774108
vt  0.89123213  0.52216232
vt  0.90534341  0.55984849
vt  0.90194589  0.56336850
vt  0.89595604  0.51338929
vt  0.90409154  0.50250822
vt  0.91143978  0.50034589
vt  0.92010021  0.50049669
vt  0.93453425  0.50400114
vt  0.93860203  0.51126933
vt  0.94017661  0.51515675
vt  0.95224869  0.52145386
vt  0.94791853  0.51314521
vt  0.95172387  0.51810026
vt  0.94358832  0.51317233
vt  0.95303601  0.52783239
vt  0.92561138  0.54812014
vt  0.95579159  0.53118598
vt  0.95592284  0.54358715
vt  0.94516295  0.55382597
vt  0.94988680  0.55349720
vt  0.95342970  0.54960978
vt  0.95605403  0.53667486
vt  0.93348449  0.56065691
vt  0.93715858  0.56032819
vt  0.93965173  0.55786419
vt  0.92679232  0.55259567
vt  0.94162005  0.55344296
vt  0.92994159  0.55885047
vt  0.92495531  0.50420618
vt  0.91591537  0.54772562
vt  0.90964526  0.55583328
vt  0.89490628  0.52266902
vt  0.91068083  0.54804283
vt  0.90769112  0.55935335
vt  0.90143520  0.57133687
vt  0.89908743  0.57432312
vt  0.89254069  0.58389288
vt  0.88810760  0.60872638
vt  0.84374654  0.59812027
vt  0.88796222  0.59097159
vt  0.89113981  0.61633891
vt  0.89115399  0.62430727
vt  0.88657552  0.62925076
vt  0.84919304  0.61008054
vt  0.88265312  0.63223702
vt  0.87625176  0.64230192
vt  0.87938684  0.63807017
vt  0.86500275  0.64489365
vt  0.85358876  0.63698721
vt  0.86944258  0.64208537
vt  0.85929596  0.64467704
vt  0.83554316  0.58687174
vt  0.83210438  0.58111137
vt  0.82905781  0.57439923
vt  0.83070642  0.56495702
vt  0.83559614  0.58206010
vt  0.82854939  0.55521154
vt  0.82437617  0.54789269
vt  0.88755804  0.51349777
vt  0.81199336  0.54083860
vt  0.80968457  0.49502930
vt  0.77773309  0.54280460
vt  0.78125983  0.51595926
vt  0.80563623  0.54167128
vt  0.79264271  0.49811283
vt  0.80892849  0.53776652
vt  0.80211645  0.55467623
vt  0.79613197  0.55494094
vt  0.79287523  0.59399450
vt  0.76454359  0.57521141
vt  0.79685450  0.57037264
vt  0.75917906  0.60943818
vt  0.76372468  0.64244300
vt  0.78173345  0.62125641
vt  0.77235109  0.53648514
vt  0.77636015  0.51621199
vt  0.79395521  0.48542318
vt  0.79906690  0.48122707
vt  0.81017500  0.48769850
vt  0.80574107  0.48309776
vt  0.82698941  0.49760792
vt  0.81818646  0.54087722
vt  0.81411290  0.49325988
vt  0.82122326  0.49300718
vt  0.82850355  0.49189508
vt  0.83068746  0.49012569
vt  0.85041839  0.45562899
vt  0.83533108  0.48926631
vt  0.81823897  0.45327011
vt  0.82230181  0.46383637
vt  0.81376499  0.43820438
vt  0.81175166  0.42308801
vt  0.80839616  0.41464514
vt  0.80817246  0.40620226
vt  0.81376499  0.39143986
vt  0.83144063  0.35781690
vt  0.81376499  0.40109611
vt  0.80235630  0.38153091
vt  0.79883623  0.35744199
vt  0.80861992  0.38663706
vt  0.79784882  0.37434679
vt  0.79667217  0.36216721
vt  0.79784882  0.35904068
vt  0.79650402  0.36734521
vt  0.84241790  0.39938328
vt  0.84523910  0.40788344
vt  0.83348382  0.39841872
vt  0.84261423  0.41864428
vt  0.84554660  0.43392646
vt  0.84309220  0.44040710
vt  0.81756788  0.44482723
vt  0.85484564  0.45035407
vt  0.86782169  0.45050481
vt  0.85794842  0.44658628
vt  0.86527461  0.44658628
vt  0.87270272  0.44613415
vt  0.90495014  0.43362829
vt  0.87667614  0.42925438
vt  0.87310106  0.39564562
vt  0.87598151  0.39338493
vt  0.87455517  0.41041538
vt  0.89174539  0.35766616
vt  0.88908720  0.39217922
vt  0.90857446  0.38976786
vt  0.92115211  0.38584933
vt  0.91525233  0.38328722
vt  0.91963315  0.35721403
vt  0.93039554  0.35947472
vt  0.92938602  0.38132796
vt  0.92429191  0.35872117
vt  0.91066766  0.40061912
vt  0.90934318  0.39534420
vt  0.90732414  0.41734815
vt  0.90719450  0.43061081
vt  0.90664804  0.42413020
vt  0.26499999  0.02500000
vt  0.48999998  0.02500000
vt  0.48999998  0.33010635
vt  0.26499999  0.33010635
vt  0.24499999  0.35510635
vt  0.24499999  0.36273402
vt  0.02000000  0.36273402
vt  0.02000000  0.35510635
vt  0.26499999  0.35510635
vt  0.48999998  0.35510635
vt  0.48999998  0.36273402
vt  0.26499999  0.36273402
vt  0.98000002  0.36273402
vt  0.75500000  0.36273402
vt  0.75500000  0.35510635
vt  0.98000002  0.35510635
vt  0.26499999  0.66989368
vt  0.48999998  0.66989368
vt  0.48999998  0.97500002
vt  0.26499999  0.97500002
vt  0.73500001  0.35510635
vt  0.73500001  0.36273402
vt  0.50999999  0.36273402
vt  0.50999999  0.35510635

vn -0.68489659 -0.15001111  0.71303111
vn  0.22047025  0.30374125  0.92689490
vn  0.23297536  0.66857427  0.70620883
vn -0.85164803  0.24418016  0.46375823
vn -0.44986323  0.32510591  0.83182281
vn -0.64113975  0.26177424  0.72139734
vn -0.68944758  0.14530867  0.70961076
vn -0.79537630  0.40351552  0.45227402
vn -0.55496687  0.43700430  0.70784110
vn -0.49183527  0.21979496  0.84248930
vn -0.84384811  0.28653985  0.45366874
vn -0.67763150  0.12871885  0.72404903
vn -0.70794344 -0.01884095  0.70601779
vn -0.40459362 -0.12944303  0.90528917
vn -0.77932703 -0.43211985  0.45378610
vn -0.24165034 -0.30732512  0.92041099
vn  0.22073999 -0.27578518  0.93553001
vn  0.78945011 -0.39910284  0.46635336
vn  0.42420051 -0.77832419  0.46288812
vn  0.04981601 -0.44591290  0.89368904
vn -0.22966500 -0.85831195  0.45886230
vn -0.10624133 -0.42556515  0.89866960
vn -0.38079950 -0.78440261  0.48959601
vn -0.59170163 -0.38752532  0.70690405
vn -0.14457382 -0.42295548  0.89454293
vn  0.14672802 -0.68470865  0.71389419
vn -0.32476220 -0.81792766  0.47489354
vn -0.77352220 -0.43159220  0.46410304
vn -0.69241971 -0.13189273  0.70933717
vn -0.37341952 -0.20754722  0.90414715
vn -0.79055595 -0.38555759  0.47578004
vn -0.55493057 -0.01163730  0.83181524
vn -0.85761040  0.23578075  0.45706877
vn -0.53785264  0.45195931  0.71165115
vn -0.31872430  0.82623011  0.46449822
vn  0.00396287  0.55405021  0.83247381
vn -0.18492933  0.34789908  0.91911227
vn -0.51994908  0.47229683  0.71175039
vn -0.30547172  0.83300352  0.46129400
vn  0.09661879  0.69227260  0.71513879
vn  0.42005461  0.54672301  0.72432595
vn  0.79296041  0.40959859  0.45104629
vn -0.47354871  0.09506285  0.87562245
vn -0.82403857  0.29213080  0.48540711
vn -0.55169326  0.01007763  0.83398616
vn -0.69198042  0.14367066  0.70747572
vn -0.69088244 -0.01811681  0.72274011
vn -0.68355447 -0.17552084  0.70848125
vn -0.59756237  0.24439201  0.76366997
vn -0.10300415  0.66049737  0.74372935
vn -0.02555751  0.68658638  0.72659892
vn -0.69762594  0.50527227  0.50795472
vn -0.62374651 -0.53170639  0.57291240
vn -0.11454620 -0.69496250  0.70986354
vn -0.07831724 -0.69815332  0.71165180
vn  0.40397349 -0.43875632  0.80268192
vn  0.24835248 -0.25258866  0.93515778
vn  0.26020959 -0.85022169  0.45761785
vn  0.76989430 -0.37555853  0.51596367
vn  0.54890156  0.08293825  0.83176219
vn  0.64513481  0.26629657  0.71616149
vn  0.39360631  0.03490502  0.91861618
vn  0.15451489 -0.32630411  0.93255067
vn  0.14796986 -0.86444610  0.48045585
vn -0.04583374 -0.34770378  0.93648350
vn -0.36156639 -0.79811072  0.48196372
vn  0.31548402 -0.82269907  0.47290173
vn  0.60075659 -0.33302173  0.72676545
vn  0.09728392 -0.24931018  0.96352494
vn -0.50557452 -0.49349344  0.70771366
vn -0.51108909 -0.02677654  0.85911059
vn -0.87826520  0.09818502  0.46798503
vn -0.30716604 -0.32308424  0.89513439
vn  0.18710594 -0.47850084  0.85792094
vn  0.00133376  0.70210189  0.71207523
vn -0.39269659  0.45939124  0.79671144
vn -0.63404745  0.27921441  0.72112632
vn -0.45150828  0.75595731  0.47399238
vn -0.20402949  0.49574602  0.84416103
vn -0.36260188  0.19670144  0.91094917
vn -0.79229695  0.38723227  0.47150475
vn -0.50028360  0.50129741  0.70598674
vn -0.41182587  0.37132862  0.83217460
vn -0.49525353  0.18778758  0.84820974
vn -0.52633393 -0.13171378  0.84001434
vn -0.86190832 -0.21656075  0.45849270
vn -0.78718930  0.38087052  0.48504707
vn -0.39306921  0.58829433  0.70668691
vn -0.45850748  0.53032160  0.71311277
vn -0.53069866  0.46788147  0.70671487
vn -0.32505578  0.81681240  0.47660917
vn -0.11134831  0.53608280  0.83678955
vn -0.14106612  0.68495268  0.71480078
vn  0.34640208  0.81029975  0.47267315
vn  0.60575575  0.33733407  0.72060090
vn  0.40941432  0.17093308  0.89619297
vn  0.55309623  0.43879628  0.70819658
vn  0.81489754  0.33030996  0.47627449
vn  0.35444397  0.29074448  0.88872784
vn  0.50088888  0.72161245  0.47789729
vn  0.86803126  0.14225559  0.47569433
vn  0.43312547  0.01202089  0.90125346
vn  0.62000644  0.31974342  0.71648878
vn  0.39386842  0.38041416  0.83675128
vn  0.17874452  0.49808598  0.84850502
vn  0.27831584  0.84065074  0.46459302
vn -0.01686967  0.36153311  0.93220663
vn -0.44546604  0.30921492  0.84020603
vn -0.50065917  0.69547224  0.51542091
vn -0.30974960  0.28595278  0.90679997
vn -0.70021623  0.05968999  0.71143121
vn -0.65601104  0.25457066  0.71052325
vn -0.54320163  0.44552395  0.71164626
vn  0.56519496 -0.39826560  0.72245359
vn  0.85940999 -0.22873530  0.45726874
vn  0.68197298  0.07443164  0.72758007
vn  0.59738278  0.32411772  0.73354042
vn  0.45120609  0.53051645  0.71761090
vn  0.38295168  0.59054744  0.71035326
vn  0.58147943  0.30863091  0.75274742
vn  0.43927026 -0.23774622  0.86632466
vn  0.77318382 -0.39401546  0.49692914
vn  0.66956753  0.18460061  0.71944559
vn  0.51059371  0.18187086  0.84036720
vn  0.81006092  0.36321241  0.46030214
vn  0.48924911  0.20403495  0.84794164
vn  0.66366327  0.20205818  0.72022468
vn  0.59778118  0.36326262  0.71463132
vn  0.17882958 -0.08815260  0.97992301
vn  0.22678033 -0.66180563  0.71455163
vn  0.67955291 -0.56244189  0.47102758
vn  0.07787307 -0.23463529  0.96895927
vn -0.22433694 -0.85807794  0.46192548
vn  0.13719048 -0.88186997  0.45109212
vn -0.17734414 -0.20871447  0.96176261
vn -0.79772019 -0.34435838  0.49503514
vn -0.29479304 -0.63172001  0.71695673
vn  0.14738792 -0.86813289  0.47394314
vn  0.72993940 -0.48120186  0.48542070
vn  0.39084157 -0.17761233  0.90315932
vn  0.22743820 -0.46920609  0.85329801
vn  0.52969217 -0.66355276  0.52832180
vn  0.82296717  0.25376958  0.50825781
vn  0.45386031  0.08272287  0.88722473
vn  0.51733077 -0.18875329  0.83471018
vn  0.70075947 -0.00439577  0.71338403
vn -0.54720950  0.01726101  0.83681768
vn -0.68321460 -0.03394450  0.72942829
vn -0.49888134 -0.70557541  0.50327009
vn -0.26232392 -0.24634238  0.93300676
vn -0.68351996 -0.15151183 -0.71403408
vn -0.85097671  0.24425416 -0.46495011
vn -0.44789296  0.32550830 -0.83272821
vn -0.64163238  0.26183730 -0.72093624
vn -0.69132066  0.14349768 -0.70815545
vn -0.79628038  0.40244150 -0.45163965
vn -0.55672622  0.43644637 -0.70680296
vn -0.49273053  0.22199455 -0.84138876
vn -0.84270644  0.29035303 -0.45336622
vn -0.67275476  0.14174685 -0.72616035
vn -0.70243227 -0.01147648 -0.71165806
vn -0.39543661 -0.12670805 -0.90971148
vn -0.78054971 -0.42955050 -0.45412394
vn -0.24408060 -0.29289162 -0.92446697
vn  0.19625995 -0.26314074 -0.94458401
vn  0.78639668 -0.40583026 -0.46570593
vn  0.42022768 -0.78179008 -0.46066576
vn  0.03937938 -0.43947476 -0.89739132
vn -0.23234515 -0.85787916 -0.45832205
vn -0.10770547 -0.41699639 -0.90250403
vn -0.38264635 -0.78438050 -0.48818949
vn -0.59295142 -0.38140860 -0.70917988
vn -0.14373402 -0.41420990 -0.89876062
vn  0.13811027 -0.68587190 -0.71449655
vn -0.32854575 -0.81654841 -0.47466451
vn -0.77538270 -0.42952588 -0.46291381
vn -0.69684392 -0.13167018 -0.70503294
vn -0.37459385 -0.20362544 -0.90455300
vn -0.79248315 -0.38315994 -0.47450906
vn -0.55347860 -0.00998332 -0.83280361
vn -0.85659921  0.23610343 -0.45879513
vn -0.53307146  0.45191547 -0.71526724
vn -0.31445175  0.82687831 -0.46625358
vn  0.01169827  0.55359709 -0.83270246
vn -0.17239925  0.34856334 -0.92129374
vn -0.51198411  0.47388479 -0.71645337
vn -0.29924247  0.83478099 -0.46216300
vn  0.10798699  0.69066924 -0.71506280
vn  0.43235248  0.53877991 -0.72304046
vn  0.79820961  0.40136749 -0.44918326
vn  0.22849508  0.31386459 -0.92156333
vn -0.01161065  0.71157938 -0.70250982
vn -0.41772714  0.46754554 -0.77904123
vn -0.64402407  0.27905551 -0.71229279
vn -0.45327640  0.75376880 -0.47578681
vn -0.22192910  0.50255620 -0.83557451
vn -0.36646917  0.20398115 -0.90779513
vn -0.79384518  0.38294443 -0.47240171
vn -0.50217652  0.49562749 -0.70864105
vn -0.41190684  0.37172014 -0.83195966
vn -0.49612418  0.17909279 -0.84958023
vn -0.52573156 -0.14047121 -0.83897209
vn -0.86099005 -0.22120517 -0.45800042
vn -0.78873473  0.37643954 -0.48599464
vn -0.39483759  0.58333576 -0.70980465
vn -0.46038753  0.52483380 -0.71595585
vn -0.53258532  0.46197778 -0.70917517
vn -0.32642639  0.81510776 -0.47858664
vn -0.11192414  0.52970666 -0.84076387
vn -0.14183819  0.68089789 -0.71851236
vn  0.34778959  0.80857682 -0.47460085
vn  0.60727876  0.33055118 -0.72245997
vn  0.41000918  0.16168354 -0.89763629
vn  0.55487186  0.43271536 -0.71054530
vn  0.81623632  0.32581216 -0.47707939
vn  0.35534361  0.28211632 -0.89114606
vn  0.50269538  0.71919221 -0.47964567
vn  0.86863434  0.13733645 -0.47603899
vn  0.43626785  0.01367305 -0.89971298
vn  0.62702799  0.32140207 -0.70960313
vn  0.40209696  0.38586408 -0.83031738
vn  0.18604556  0.50003117 -0.84578717
vn  0.27944294  0.83921266 -0.46651241
vn -0.01292042  0.36381990 -0.93137968
vn -0.44893783  0.30525404 -0.83980638
vn -0.50258541  0.69262457 -0.51737720
vn -0.31346893  0.28012723 -0.90734005
vn -0.70205575  0.05356670 -0.71010441
vn -0.65829885  0.24813838 -0.71068275
vn -0.54696536  0.43806764 -0.71339023
vn  0.23171619  0.66294402 -0.71190786
vn  0.69946629 -0.01296493 -0.71454799
vn  0.51432782 -0.19587380 -0.83492535
vn  0.45188040  0.07874222 -0.88859653
vn  0.82388145  0.25128326 -0.50801188
vn  0.52980936 -0.66444588 -0.52708042
vn  0.22436608 -0.47122306 -0.85299981
vn  0.39662108 -0.17993499 -0.90017503
vn  0.73091292 -0.48196095 -0.48319760
vn  0.15114489 -0.86829942 -0.47245246
vn -0.28529957 -0.63816398 -0.71508801
vn -0.79262978 -0.35367048 -0.49664396
vn -0.16598377 -0.20953171 -0.96361083
vn  0.14092226 -0.88213903 -0.44941264
vn -0.21950023 -0.85986447 -0.46092591
vn  0.09031265 -0.23049995 -0.96887225
vn  0.68429422 -0.56008285 -0.46695673
vn  0.23617435 -0.65912318 -0.71398765
vn  0.19565997 -0.07640616 -0.97769082
vn  0.61105996  0.36783752 -0.70092887
vn  0.67789286  0.20414907 -0.70624667
vn  0.51138812  0.20092504 -0.83553058
vn  0.81341797  0.36205685 -0.45526481
vn  0.52744770  0.18127143 -0.83002383
vn  0.67703760  0.18102726 -0.71333671
vn  0.77375168 -0.39400584 -0.49605218
vn  0.45612502 -0.23885620 -0.85726172
vn  0.59189004  0.30817753 -0.74477702
vn  0.38251430  0.59818262 -0.70417356
vn  0.46004146  0.53982949 -0.70494395
vn  0.79170454  0.41256541 -0.45054820
vn  0.72924620  0.06743037 -0.68092078
vn  0.87514484 -0.22658318 -0.42752963
vn  0.76786441 -0.48048091 -0.42370078
vn  0.26127809 -0.46471930 -0.84603179
vn -0.29538000 -0.31654325 -0.90141612
vn -0.24126977 -0.25164363 -0.93726432
vn -0.49700871 -0.70823735 -0.50138032
vn -0.67848802 -0.03657219 -0.73370057
vn -0.52952641  0.01769330 -0.84810889
vn -0.87448221  0.09528425 -0.47560677
vn -0.48621327 -0.02502184 -0.87348187
vn -0.48948556 -0.49075595 -0.72080684
vn  0.10930540 -0.23716116 -0.96530145
vn  0.59896755 -0.33715379 -0.72633684
vn  0.31418785 -0.82430810 -0.47095880
vn -0.36009735 -0.79995286 -0.48000550
vn -0.04733078 -0.35202017 -0.93479496
vn  0.14732133 -0.86572403 -0.47834963
vn  0.15160461 -0.32925531 -0.93199086
vn  0.39323661  0.03207200 -0.91887778
vn  0.64642447  0.25922671 -0.71759105
vn  0.54928231  0.07417846 -0.83233798
vn  0.76830739 -0.38023850 -0.51490039
vn  0.25914049 -0.85155672 -0.45573822
vn  0.24772215 -0.26182812 -0.93278068
vn  0.40246031 -0.44558465 -0.79967493
vn -0.07790704 -0.70198774 -0.70791507
vn -0.11395005 -0.69882041 -0.70616245
vn -0.62173229 -0.53603864 -0.57106173
vn -0.69952071  0.50124818 -0.50933385
vn -0.02569402  0.68248487 -0.73044801
vn -0.10354230  0.65602028 -0.74760705
vn -0.59872764  0.23676232 -0.76515937
vn -0.68263602 -0.18278068 -0.70753044
vn -0.69076574 -0.02576948 -0.72261924
vn -0.69270658  0.13631894 -0.70821941
vn -0.55172044  0.00124273 -0.83402818
vn -0.82526886  0.28741595 -0.48613101
vn -0.47375664  0.08823239 -0.87622470
vn -0.57735026 -0.57735026 -0.57735026
vn -0.57735026 -0.57735026  0.57735026
vn -0.57735026  0.57735026 -0.57735026
vn -0.57735026  0.57735026  0.57735026
vn  0.57735026 -0.57735026 -0.57735026
vn  0.57735026 -0.57735026  0.57735026
vn  0.57735026  0.57735026 -0.57735026
vn  0.57735026  0.57735026  0.57735026

g Plane_sep6_default2
usemtl default2
s 1
f 1/154/1 5/15/5 4/1/4
f 1/14/1 151/2/151 300/3/300 43/4/43
f 2/149/2 22/66/22 20/52/20 75/284/75
f 2/5/2 191/6/191 190/7/190 42/150/42
f 3/8/3 231/9/231 230/10/230 113/11/113
f 4/12/4 152/13/152 151/2/151 1/14/1
f 5/15/5 62/16/62 6/19/6
f 5/17/5 153/18/153 152/13/152 4/12/4
f 6/19/6 62/16/62 63/28/63 7/20/7
f 6/21/6 154/22/154 153/18/153 5/17/5
f 7/20/7 63/28/63 9/23/9 8/24/8
f 7/27/7 155/25/155 154/22/154 6/21/6
f 8/26/8 156/31/156 155/25/155 7/27/7
f 9/23/9 63/28/63 65/234/65 10/29/10
f 9/30/9 157/34/157 156/31/156 8/26/8
f 10/29/10 69/261/69 12/37/12 11/32/11
f 10/36/10 158/33/158 157/34/157 9/30/9
f 11/35/11 159/39/159 158/33/158 10/36/10
f 12/37/12 69/261/69 129/260/129 13/38/13
f 12/42/12 160/41/160 159/39/159 11/35/11
f 13/38/13 129/260/129 14/392/14
f 13/45/13 161/40/161 160/41/160 12/42/12
f 14/392/14 16/49/16 15/43/15
f 14/44/14 162/48/162 161/40/161 13/45/13
f 15/46/15 163/47/163 162/48/162 14/44/14
f 16/49/16 80/314/80 79/294/79 17/289/17
f 16/49/16 102/390/102 83/319/83 80/314/80
f 16/50/16 164/51/164 163/47/163 15/46/15
f 17/289/17 20/52/20 19/53/19 18/54/18
f 17/55/17 165/56/165 164/57/164 16/58/16
f 18/59/18 166/60/166 165/61/165 17/62/17
f 19/63/19 167/68/167 166/64/166 18/65/18
f 20/52/20 22/66/22 21/67/21
f 20/72/20 168/71/168 167/68/167 19/63/19
f 21/69/21 169/70/169 168/71/168 20/72/20
f 22/66/22 24/73/24 23/74/23
f 22/78/22 170/75/170 169/70/169 21/69/21
f 23/76/23 171/77/171 170/75/170 22/78/22
f 24/73/24 22/66/22 2/149/2 25/79/25
f 24/80/24 172/88/172 171/81/171 23/82/23
f 25/79/25 30/83/30 29/84/29 26/85/26
f 25/86/25 173/87/173 172/88/172 24/80/24
f 26/85/26 29/84/29 28/89/28 27/90/27
f 26/95/26 174/91/174 173/92/173 25/93/25
f 27/98/27 175/94/175 174/91/174 26/95/26
f 28/96/28 176/97/176 175/94/175 27/98/27
f 29/106/29 177/105/177 176/99/176 28/100/28
f 30/83/30 32/101/32 31/102/31
f 30/103/30 178/104/178 177/105/177 29/106/29
f 31/107/31 179/108/179 178/109/178 30/110/30
f 32/101/32 36/125/36 34/111/34 33/112/33
f 32/118/32 180/117/180 179/113/179 31/114/31
f 33/115/33 181/116/181 180/117/180 32/118/32
f 34/111/34 36/125/36 35/119/35
f 34/120/34 182/121/182 181/116/181 33/115/33
f 35/122/35 183/127/183 182/123/182 34/124/34
f 36/125/36 32/101/32 30/83/30 37/128/37
f 36/126/36 184/132/184 183/127/183 35/122/35
f 37/128/37 30/83/30 25/79/25 2/149/2
f 37/128/37 41/148/41 40/129/40 38/133/38
f 37/130/37 185/131/185 184/132/184 36/126/36
f 38/133/38 40/129/40 39/134/39
f 38/135/38 186/136/186 185/137/185 37/138/37
f 39/139/39 187/140/187 186/141/186 38/142/38
f 40/143/40 188/146/188 187/140/187 39/139/39
f 41/144/41 189/145/189 188/146/188 40/143/40
f 42/147/42 41/148/41 37/128/37 2/149/2
f 42/150/42 190/7/190 189/151/189 41/152/41
f 43/153/43 62/16/62 5/15/5 1/154/1
f 43/155/43 300/156/300 299/157/299 44/158/44
f 44/159/44 45/224/45 43/153/43
f 44/160/44 299/161/299 298/163/298 45/162/45
f 45/162/45 298/163/298 297/167/297 46/166/46
f 46/164/46 60/165/60 61/225/61 45/224/45
f 46/166/46 297/167/297 296/168/296 47/170/47
f 47/169/47 57/171/57 60/165/60 46/164/46
f 47/170/47 296/168/296 295/173/295 48/172/48
f 48/177/48 57/171/57 47/169/47
f 48/172/48 295/173/295 294/174/294 49/175/49
f 49/182/49 56/176/56 57/171/57 48/177/48
f 49/178/49 294/179/294 293/180/293 50/183/50
f 50/185/50 55/181/55 56/176/56 49/182/49
f 50/183/50 293/180/293 292/187/292 51/186/51
f 51/192/51 54/184/54 55/181/55 50/185/50
f 51/186/51 292/187/292 291/188/291 52/189/52
f 52/190/52 53/191/53 54/184/54 51/192/51
f 52/193/52 291/194/291 290/195/290 53/196/53
f 53/197/53 290/198/290 289/200/289 54/199/54
f 54/199/54 289/200/289 288/201/288 55/202/55
f 55/202/55 288/201/288 287/203/287 56/204/56
f 56/205/56 287/206/287 286/207/286 57/208/57
f 57/209/57 286/210/286 285/211/285 58/212/58
f 58/213/58 59/214/59 60/165/60 57/171/57
f 58/212/58 285/211/285 284/215/284 59/216/59
f 59/217/59 284/218/284 283/219/283 60/220/60
f 60/220/60 283/219/283 282/222/282 61/221/61
f 61/221/61 282/222/282 281/223/281 62/226/62
f 62/16/62 43/153/43 45/224/45 61/225/61
f 62/226/62 281/223/281 280/227/280 63/228/63
f 63/229/63 280/230/280 279/231/279 64/232/64
f 64/233/64 65/234/65 63/28/63
f 64/232/64 279/231/279 278/235/278 65/236/65
f 65/237/65 278/238/278 277/239/277 66/240/66
f 66/241/66 67/242/67 68/243/68 65/234/65
f 66/244/66 277/245/277 276/247/276 67/246/67
f 67/246/67 276/247/276 275/248/275 68/249/68
f 68/250/68 275/251/275 274/252/274 69/253/69
f 69/261/69 10/29/10 65/234/65 68/243/68
f 69/254/69 274/255/274 273/256/273 70/257/70
f 70/258/70 128/259/128 129/260/129 69/261/69
f 70/262/70 273/263/273 272/265/272 71/264/71
f 71/484/71 127/483/127 128/259/128 70/258/70
f 71/264/71 272/265/272 271/266/271 72/269/72
f 72/267/72 147/477/147 126/268/126 71/484/71
f 72/269/72 271/266/271 270/270/270 147/271/147
f 73/457/73 120/272/120 121/273/121 150/472/150
f 73/274/73 266/275/266 265/276/265 74/277/74
f 74/440/74 118/278/118 119/279/119 73/457/73
f 74/280/74 265/281/265 264/282/264 114/283/114
f 75/284/75 20/52/20 17/289/17 76/288/76
f 75/285/75 192/292/192 191/286/191 2/287/2
f 76/288/76 17/289/17 79/294/79 77/293/77
f 76/290/76 193/291/193 192/292/192 75/285/75
f 77/293/77 79/294/79 78/295/78
f 77/296/77 194/297/194 193/298/193 76/299/76
f 78/300/78 195/301/195 194/297/194 77/296/77
f 79/308/79 196/302/196 195/303/195 78/304/78
f 80/314/80 82/313/82 81/305/81
f 80/306/80 197/307/197 196/302/196 79/308/79
f 81/309/81 198/310/198 197/311/197 80/312/80
f 82/313/82 80/314/80 83/319/83
f 82/315/82 199/316/199 198/317/198 81/318/81
f 83/319/83 102/390/102 99/320/99 84/321/84
f 83/325/83 200/324/200 199/322/199 82/323/82
f 84/321/84 97/371/97 96/356/96 85/326/85
f 84/330/84 201/329/201 200/324/200 83/325/83
f 85/326/85 88/337/88 87/327/87 86/328/86
f 85/333/85 202/332/202 201/329/201 84/330/84
f 86/331/86 203/336/203 202/332/202 85/333/85
f 87/334/87 204/335/204 203/336/203 86/331/86
f 88/337/88 85/326/85 96/356/96 89/338/89
f 88/344/88 205/339/205 204/340/204 87/341/87
f 89/338/89 96/356/96 92/346/92 90/345/90
f 89/342/89 206/343/206 205/339/205 88/344/88
f 90/345/90 92/346/92 91/347/91
f 90/348/90 207/349/207 206/350/206 89/351/89
f 91/352/91 208/353/208 207/354/207 90/355/90
f 92/346/92 96/356/96 95/357/95 93/358/93
f 92/362/92 209/361/209 208/353/208 91/352/91
f 93/358/93 95/357/95 94/359/94
f 93/360/93 210/363/210 209/361/209 92/362/92
f 94/367/94 211/366/211 210/363/210 93/360/93
f 95/364/95 212/365/212 211/366/211 94/367/94
f 96/368/96 213/375/213 212/369/212 95/370/95
f 97/371/97 84/321/84 99/320/99 98/372/98
f 97/373/97 214/374/214 213/375/213 96/368/96
f 98/381/98 215/380/215 214/374/214 97/373/97
f 99/320/99 102/390/102 101/376/101 100/377/100
f 99/378/99 216/379/216 215/380/215 98/381/98
f 100/382/100 217/383/217 216/384/216 99/385/99
f 101/386/101 218/387/218 217/388/217 100/389/100
f 102/390/102 16/49/16 14/392/14 103/391/103
f 102/396/102 219/395/219 218/387/218 101/386/101
f 103/391/103 14/392/14 129/260/129 104/491/104
f 103/393/103 220/394/220 219/395/219 102/396/102
f 104/491/104 132/513/132 105/512/105
f 104/397/104 221/398/221 220/394/220 103/393/103
f 105/512/105 107/407/107 106/399/106
f 105/400/105 222/404/222 221/401/221 104/402/104
f 106/403/106 223/410/223 222/404/222 105/400/105
f 107/407/107 135/405/135 140/406/140
f 107/407/107 140/406/140 141/543/141 108/408/108
f 107/414/107 224/409/224 223/410/223 106/403/106
f 108/408/108 110/419/110 109/411/109
f 108/412/108 225/413/225 224/409/224 107/414/107
f 109/415/109 226/416/226 225/417/225 108/418/108
f 110/419/110 108/408/108 141/543/141 144/542/144
f 110/419/110 144/542/144 145/420/145 111/421/111
f 110/422/110 227/423/227 226/424/226 109/425/109
f 111/421/111 145/420/145 112/426/112
f 111/431/111 228/430/228 227/427/227 110/428/110
f 112/426/112 145/420/145 146/432/146 113/429/113
f 112/437/112 229/436/229 228/430/228 111/431/111
f 113/429/113 146/432/146 3/433/3
f 113/434/113 230/435/230 229/436/229 112/437/112
f 114/438/114 116/444/116 117/439/117 74/440/74
f 114/283/114 264/282/264 263/441/263 115/442/115
f 115/443/115 116/444/116 114/438/114
f 115/442/115 263/441/263 262/445/262 116/446/116
f 116/446/116 262/445/262 261/447/261 117/448/117
f 117/448/117 261/447/261 260/449/260 118/450/118
f 118/278/118 74/440/74 117/439/117
f 118/451/118 260/452/260 259/454/259 119/453/119
f 119/453/119 259/454/259 258/455/258 120/456/120
f 120/272/120 73/457/73 119/279/119
f 120/458/120 258/459/258 257/460/257 121/461/121
f 121/462/121 257/463/257 256/464/256 122/465/122
f 122/466/122 123/473/123 121/273/121
f 122/467/122 256/468/256 255/469/255 123/470/123
f 123/470/123 255/469/255 254/474/254 124/471/124
f 124/562/124 150/472/150 121/273/121 123/473/123
f 124/471/124 254/474/254 253/478/253 125/475/125
f 125/476/125 126/268/126 147/477/147 124/562/124
f 125/475/125 253/478/253 252/479/252 126/480/126
f 126/480/126 252/479/252 251/481/251 127/482/127
f 127/483/127 71/484/71 126/268/126
f 127/482/127 251/481/251 250/486/250 128/485/128
f 128/485/128 250/486/250 249/487/249 129/488/129
f 129/489/129 249/490/249 248/493/248 130/492/130
f 130/497/130 132/513/132 104/491/104 129/260/129
f 130/492/130 248/493/248 247/494/247 131/495/131
f 131/496/131 132/513/132 130/497/130
f 131/498/131 247/499/247 246/500/246 132/501/132
f 132/502/132 246/503/246 245/504/245 133/505/133
f 133/506/133 134/507/134 135/405/135 132/513/132
f 133/505/133 245/504/245 244/508/244 134/509/134
f 134/509/134 244/508/244 243/510/243 135/511/135
f 135/405/135 107/407/107 105/512/105 132/513/132
f 135/514/135 243/515/243 242/516/242 136/517/136
f 136/518/136 137/526/137 140/406/140 135/405/135
f 136/519/136 242/520/242 241/522/241 137/521/137
f 137/521/137 241/522/241 240/523/240 138/527/138
f 138/524/138 139/525/139 140/406/140 137/526/137
f 138/527/138 240/523/240 239/528/239 139/529/139
f 139/530/139 239/531/239 238/532/238 140/533/140
f 140/533/140 238/532/238 237/534/237 141/535/141
f 141/536/141 237/537/237 236/538/236 142/539/142
f 142/540/142 143/541/143 144/542/144 141/543/141
f 142/544/142 236/545/236 235/546/235 143/547/143
f 143/548/143 235/549/235 234/550/234 144/551/144
f 144/552/144 234/553/234 233/555/233 145/554/145
f 145/554/145 233/555/233 232/556/232 146/557/146
f 146/557/146 232/556/232 231/558/231 3/559/3
f 147/271/147 270/270/270 269/560/269 148/561/148
f 148/566/148 150/472/150 124/562/124 147/477/147
f 148/561/148 269/560/269 268/563/268 149/564/149
f 149/565/149 150/472/150 148/566/148
f 149/567/149 268/568/268 267/569/267 150/570/150
f 150/571/150 267/572/267 266/573/266 73/574/73
f 151/578/151 153/575/153 281/576/281 300/706/300
f 152/577/152 153/575/153 151/578/151
f 154/579/154 281/576/281 153/575/153
f 155/583/155 280/582/280 281/576/281 154/579/154
f 156/580/156 157/581/157 280/582/280 155/583/155
f 158/584/158 278/702/278 280/582/280 157/581/157
f 159/585/159 160/586/160 274/587/274 158/584/158
f 161/588/161 249/677/249 274/587/274 160/586/160
f 162/648/162 249/677/249 161/588/161
f 163/589/163 164/590/164 162/648/162
f 164/590/164 197/592/197 200/626/200 219/644/219
f 165/621/165 196/591/196 197/592/197 164/590/164
f 166/593/166 167/594/167 168/595/168 165/621/165
f 169/596/169 170/618/170 168/595/168
f 171/597/171 172/598/172 170/618/170
f 173/599/173 191/605/191 170/618/170 172/598/172
f 174/603/174 177/600/177 178/604/178 173/599/173
f 175/601/175 176/602/176 177/600/177 174/603/174
f 178/604/178 185/616/185 191/605/191 173/599/173
f 179/606/179 180/611/180 178/604/178
f 181/607/181 182/610/182 184/608/184 180/611/180
f 183/609/183 184/608/184 182/610/182
f 185/616/185 178/604/178 180/611/180 184/608/184
f 186/614/186 188/612/188 189/617/189 185/616/185
f 187/613/187 188/612/188 186/614/186
f 190/615/190 191/605/191 185/616/185 189/617/189
f 192/619/192 168/595/168 170/618/170 191/605/191
f 193/622/193 165/621/165 168/595/168 192/619/192
f 194/620/194 196/591/196 165/621/165 193/622/193
f 195/623/195 196/591/196 194/620/194
f 198/624/198 199/625/199 197/592/197
f 200/626/200 197/592/197 199/625/199
f 201/629/201 216/645/216 219/644/219 200/626/200
f 202/627/202 213/633/213 214/628/214 201/629/201
f 203/630/203 204/631/204 205/632/205 202/627/202
f 206/634/206 213/633/213 202/627/202 205/632/205
f 207/636/207 209/639/209 213/633/213 206/634/206
f 208/635/208 209/639/209 207/636/207
f 210/637/210 212/638/212 213/633/213 209/639/209
f 211/640/211 212/638/212 210/637/210
f 215/641/215 216/645/216 201/629/201 214/628/214
f 217/642/217 218/643/218 219/644/219 216/645/216
f 220/646/220 162/648/162 164/590/164 219/644/219
f 221/647/221 249/677/249 162/648/162 220/646/220
f 222/671/222 246/670/246 221/647/221
f 223/649/223 224/655/224 222/671/222
f 224/655/224 238/654/238 243/650/243
f 225/653/225 227/657/227 234/651/234 237/652/237
f 225/653/225 237/652/237 238/654/238 224/655/224
f 226/656/226 227/657/227 225/653/225
f 228/660/228 233/659/233 234/651/234 227/657/227
f 229/658/229 233/659/233 228/660/228
f 230/663/230 232/661/232 233/659/233 229/658/229
f 231/662/231 232/661/232 230/663/230
f 235/664/235 236/665/236 237/652/237 234/651/234
f 239/666/239 240/667/240 241/669/241 238/654/238
f 242/668/242 243/650/243 238/654/238 241/669/241
f 243/650/243 246/670/246 222/671/222 224/655/224
f 244/672/244 245/673/245 246/670/246 243/650/243
f 247/674/247 248/675/248 246/670/246
f 249/677/249 221/647/221 246/670/246 248/675/248
f 250/679/250 273/676/273 274/587/274 249/677/249
f 251/678/251 272/699/272 273/676/273 250/679/250
f 252/700/252 272/699/272 251/678/251
f 253/680/253 254/681/254 270/697/270 252/700/252
f 255/682/255 257/686/257 267/696/267 254/681/254
f 256/683/256 257/686/257 255/682/255
f 258/684/258 266/685/266 267/696/267 257/686/257
f 259/689/259 266/685/266 258/684/258
f 260/687/260 265/688/265 266/685/266 259/689/259
f 261/690/261 262/693/262 265/688/265 260/687/260
f 263/691/263 264/692/264 265/688/265 262/693/262
f 268/694/268 269/695/269 267/696/267
f 270/697/270 254/681/254 267/696/267 269/695/269
f 271/698/271 272/699/272 252/700/252 270/697/270
f 275/701/275 278/702/278 158/584/158 274/587/274
f 276/703/276 277/704/277 278/702/278 275/701/275
f 279/705/279 280/582/280 278/702/278
f 282/707/282 298/724/298 300/706/300 281/576/281
f 283/710/283 297/722/297 298/724/298 282/707/282
f 284/708/284 285/709/285 286/712/286 283/710/283
f 287/711/287 294/713/294 295/721/295 286/712/286
f 288/716/288 293/715/293 294/713/294 287/711/287
f 289/719/289 292/714/292 293/715/293 288/716/288
f 290/717/290 291/718/291 292/714/292 289/719/289
f 296/720/296 286/712/286 295/721/295
f 297/722/297 283/710/283 286/712/286 296/720/296
f 299/723/299 300/706/300 298/724/298
f 301/725/301 305/726/305 306/727/306 302/728/302
f 302/729/302 304/730/304 303/731/303 301/732/301
f 302/733/302 306/734/306 308/735/308 304/736/304
f 303/737/303 307/738/307 305/739/305 301/740/301
f 304/741/304 308/742/308 307/743/307 303/744/303
f 305/745/305 307/746/307 308/747/308 306/748/306
