# Blender v2.73 (sub 0) OBJ File: 'HeroQuest_alchemist_bench.blend'
# www.blender.org
mtllib HeroQuest_alchemist_bench.mtl
o Cube_Cube.001
v 3.195468 -0.988533 -0.428408
v 3.195468 -0.131717 -0.428408
v 3.498398 -0.988533 -0.302930
v 3.498398 -0.131717 -0.302930
v 3.623875 -0.988533 -0.000000
v 3.623875 -0.131717 -0.000000
v 3.498398 -0.988533 0.302930
v 3.498398 -0.131717 0.302930
v 3.195468 -0.988533 0.428407
v 3.195468 -0.131717 0.428407
v 2.892538 -0.988533 0.302930
v 2.892538 -0.131717 0.302930
v 2.767061 -0.988533 -0.000000
v 2.767061 -0.131717 -0.000000
v 2.892538 -0.988533 -0.302930
v 2.892538 -0.131717 -0.302930
v 3.195468 -0.131717 -0.311056
v 3.415417 -0.131717 -0.219949
v 3.506523 -0.131717 -0.000000
v 3.415417 -0.131717 0.219949
v 3.195468 -0.131717 0.311055
v 2.975518 -0.131717 0.219949
v 2.884413 -0.131717 -0.000000
v 2.975518 -0.131717 -0.219949
v 3.195468 0.101060 -0.311056
v 3.415417 0.101060 -0.219949
v 3.506523 0.101060 -0.000000
v 3.415417 0.101060 0.219949
v 3.195468 0.101060 0.311055
v 2.975518 0.101060 0.219949
v 2.884413 0.101060 -0.000000
v 2.975518 0.101060 -0.219949
v -4.630845 -1.449459 1.000000
v -4.630845 -1.449459 -1.342052
v 4.484432 -1.449459 -1.342052
v 4.484432 -1.449459 1.000000
v -4.630845 -0.950253 1.000000
v -4.630845 -0.950253 -1.342052
v 4.484432 -0.950253 -1.342052
v 4.484432 -0.950253 1.000000
v -4.630845 -1.449459 -2.850188
v 4.484432 -1.449459 -2.850188
v -4.630845 -0.950253 -2.850188
v 4.484432 -0.950253 -2.850188
v -4.630845 -0.126770 -1.342052
v 4.484432 -0.126770 -1.342052
v -4.630845 -0.126770 -2.850188
v 4.484432 -0.126770 -2.850188
v -4.128159 -1.449459 0.613884
v -4.128159 -1.449459 -1.163035
v 3.981746 -1.449459 -1.163035
v 3.981746 -1.449459 0.613884
v -4.128159 -1.449459 -2.307260
v 3.981746 -1.449459 -2.307260
v -4.128159 -2.256383 0.613884
v -4.128159 -2.256383 -1.163035
v 3.981746 -2.256383 -1.163035
v 3.981746 -2.256383 0.613884
v -4.128159 -2.256383 -2.307260
v 3.981746 -2.256383 -2.307260
v -3.675928 -2.256383 0.286120
v -3.675928 -2.256383 -1.118894
v 3.529516 -2.256383 -1.118894
v 3.529516 -2.256383 0.286120
v -3.675928 -2.256383 -2.023637
v 3.529516 -2.256383 -2.023637
v -3.675928 -3.655294 0.286120
v -3.675928 -3.655294 -1.118894
v 3.529516 -3.655294 -1.118894
v 3.529516 -3.655294 0.286120
v -3.675928 -3.655294 -2.023637
v 3.529516 -3.655294 -2.023637
v -4.630845 -0.950253 1.000000
v -4.630845 -0.950253 -1.342052
v 4.484432 -0.950253 -1.342052
v 4.484432 -0.950253 1.000000
v -4.437258 -1.023620 0.788684
v -4.437258 -1.023620 -1.345305
v -4.236509 -1.023620 -1.345305
v -4.236509 -1.023620 0.788684
v -4.437258 -0.822871 0.788684
v -4.437258 -0.822871 -1.345305
v -4.236509 -0.822871 -1.345305
v -4.236509 -0.822871 0.788684
v -4.437258 -0.822871 0.562895
v -4.437258 -1.023620 0.562895
v -4.236509 -0.822871 0.562895
v -4.236509 -1.023620 0.562895
v 4.297119 -1.023620 0.788684
v 4.297119 -0.822871 0.788684
v 4.297119 -0.822871 0.562895
v 4.297119 -1.023620 0.562895
v 4.096530 -1.023620 0.562895
v 4.096530 -0.822871 0.562895
v 4.096530 -1.023620 0.788684
v 4.096530 -0.822871 0.788684
v 4.297119 -0.822871 -1.351912
v 4.297119 -1.023620 -1.351912
v 4.096530 -1.023620 -1.351912
v 4.096530 -0.822871 -1.351912
v 2.004610 0.135175 -0.142638
v 1.861971 0.135175 -0.201721
v 1.861971 -0.987151 -0.329008
v 1.861971 -0.060324 -0.329008
v 2.094615 -0.987151 -0.232644
v 2.094615 -0.060324 -0.232644
v 2.190979 -0.987151 -0.000000
v 2.190979 -0.060324 -0.000000
v 2.094615 -0.987151 0.232644
v 2.094615 -0.060324 0.232644
v 1.861971 -0.987151 0.329008
v 1.861971 -0.060324 0.329008
v 1.629328 -0.987151 0.232644
v 1.629328 -0.060324 0.232644
v 1.532964 -0.987151 -0.000000
v 1.532964 -0.060324 -0.000000
v 1.629328 -0.987151 -0.232644
v 1.629328 -0.060324 -0.232644
v 2.063692 0.135175 -0.000000
v 2.004610 0.135175 0.142638
v 1.861971 0.135175 0.201721
v 1.719334 0.135175 0.142638
v 1.660251 0.135175 -0.000000
v 1.719334 0.135175 -0.142638
v 2.004610 0.672795 -0.142638
v 1.861971 0.672795 -0.201721
v 2.063692 0.672795 -0.000000
v 2.004610 0.672795 0.142638
v 1.861971 0.672795 0.201721
v 1.719334 0.672795 0.142638
v 1.660251 0.672795 -0.000000
v 1.719334 0.672795 -0.142638
v 1.969920 0.741219 -0.107948
v 1.861971 0.741219 -0.152662
v 2.014633 0.741219 -0.000000
v 1.969920 0.741219 0.107948
v 1.861971 0.741219 0.152662
v 1.754024 0.741219 0.107948
v 1.709310 0.741219 -0.000000
v 1.754024 0.741219 -0.107948
v 1.969920 0.794981 -0.107948
v 1.861971 0.794981 -0.152662
v 2.014633 0.794981 -0.000000
v 1.969920 0.794981 0.107948
v 1.861971 0.794981 0.152662
v 1.754024 0.794981 0.107948
v 1.709310 0.794981 -0.000000
v 1.754024 0.794981 -0.107948
v 2.479652 -0.977208 -0.267480
v 2.479652 -0.302149 -0.267480
v 2.668789 -0.977208 -0.189137
v 2.668789 -0.302149 -0.189137
v 2.747132 -0.977208 -0.000000
v 2.747132 -0.302149 -0.000000
v 2.668789 -0.977208 0.189136
v 2.668789 -0.302149 0.189136
v 2.479652 -0.977208 0.267479
v 2.479652 -0.302149 0.267479
v 2.290516 -0.977208 0.189136
v 2.290516 -0.302149 0.189136
v 2.212173 -0.977208 -0.000000
v 2.212173 -0.302149 -0.000000
v 2.290516 -0.977208 -0.189137
v 2.290516 -0.302149 -0.189137
v 2.479652 -0.302149 -0.151148
v 2.586530 -0.302149 -0.106878
v 2.630800 -0.302149 -0.000000
v 2.586530 -0.302149 0.106877
v 2.479652 -0.302149 0.151147
v 2.372775 -0.302149 0.106877
v 2.328505 -0.302149 -0.000000
v 2.372775 -0.302149 -0.106877
v 2.479652 -0.162724 -0.151148
v 2.586530 -0.162724 -0.106878
v 2.630800 -0.162724 -0.000000
v 2.586530 -0.162724 0.106877
v 2.479652 -0.162724 0.151147
v 2.372775 -0.162724 0.106877
v 2.328505 -0.162724 -0.000000
v 2.372775 -0.162724 -0.106877
v 0.224043 -1.003046 -0.536568
v 0.224043 -1.003046 -1.415927
v 3.581122 -1.003046 -1.415927
v 3.581122 -1.003046 -0.536568
v 0.224043 -0.387085 -0.536568
v 0.224043 -0.387085 -1.415927
v 3.581122 -0.387085 -1.415927
v 3.581122 -0.387085 -0.536568
v 0.398739 -0.387085 -0.769100
v 0.398739 -0.387085 -1.385535
v 3.406426 -0.387085 -1.385535
v 3.406426 -0.387085 -0.769100
v 0.398739 -0.990180 -0.769100
v 0.398739 -0.990180 -1.385535
v 3.406426 -0.990180 -1.385535
v 3.406426 -0.990180 -0.769100
v -3.957450 -1.006435 -1.168386
v -3.957450 -1.006435 -1.781006
v -0.603025 -1.006435 -1.781006
v -0.603025 -1.006435 -1.168386
v -3.957450 -0.433426 -1.168386
v -3.957450 -0.433426 -1.781006
v -0.603025 -0.433426 -1.781006
v -0.603025 -0.433426 -1.168386
v -2.877257 -0.880463 -1.101302
v -2.877257 -0.880463 -1.235442
v -2.743117 -0.880463 -1.235442
v -2.743117 -0.880463 -1.101302
v -2.877257 -0.668634 -1.101302
v -2.877257 -0.668634 -1.235442
v -2.743117 -0.668634 -1.235442
v -2.743117 -0.668634 -1.101302
v -2.877257 -0.774549 -1.101302
v -2.877257 -0.774549 -1.235442
v -2.743117 -0.774549 -1.235442
v -2.743117 -0.774549 -1.101302
v -1.921340 -0.880463 -1.101302
v -1.921340 -0.880463 -1.235442
v -1.787200 -0.880463 -1.235442
v -1.787200 -0.880463 -1.101302
v -1.921340 -0.668634 -1.101302
v -1.921340 -0.668634 -1.235442
v -1.787200 -0.668634 -1.235442
v -1.787200 -0.668634 -1.101302
v -1.921340 -0.774549 -1.101302
v -1.921340 -0.774549 -1.235442
v -1.787200 -0.774549 -1.235442
v -1.787200 -0.774549 -1.101302
v 1.529308 -0.880463 -0.468152
v 1.529308 -0.880463 -0.602292
v 1.663448 -0.880463 -0.602292
v 1.663448 -0.880463 -0.468152
v 1.529308 -0.668634 -0.468152
v 1.529308 -0.668634 -0.602292
v 1.663448 -0.668634 -0.602292
v 1.663448 -0.668634 -0.468152
v 1.529308 -0.774549 -0.468152
v 1.529308 -0.774549 -0.602292
v 1.663448 -0.774549 -0.602292
v 1.663448 -0.774549 -0.468152
v 2.485225 -0.880463 -0.468152
v 2.485225 -0.880463 -0.602292
v 2.619365 -0.880463 -0.602292
v 2.619365 -0.880463 -0.468152
v 2.485225 -0.668634 -0.468152
v 2.485225 -0.668634 -0.602292
v 2.619365 -0.668634 -0.602292
v 2.619365 -0.668634 -0.468152
v 2.485225 -0.774549 -0.468152
v 2.485225 -0.774549 -0.602292
v 2.619365 -0.774549 -0.602292
v 2.619365 -0.774549 -0.468152
v -3.537093 -0.988533 -1.012375
v -3.537093 -0.131717 -1.012375
v -3.234163 -0.988533 -0.886898
v -3.234163 -0.131717 -0.886898
v -3.108686 -0.988533 -0.583968
v -3.108686 -0.131717 -0.583968
v -3.234163 -0.988533 -0.281038
v -3.234163 -0.131717 -0.281038
v -3.537093 -0.988533 -0.155560
v -3.537093 -0.131717 -0.155560
v -3.840023 -0.988533 -0.281038
v -3.840023 -0.131717 -0.281038
v -3.965501 -0.988533 -0.583968
v -3.965501 -0.131717 -0.583968
v -3.840023 -0.988533 -0.886898
v -3.840023 -0.131717 -0.886898
v -3.537093 -0.131717 -0.895023
v -3.317144 -0.131717 -0.803917
v -3.226038 -0.131717 -0.583968
v -3.317144 -0.131717 -0.364018
v -3.537093 -0.131717 -0.272912
v -3.757043 -0.131717 -0.364018
v -3.848149 -0.131717 -0.583968
v -3.757043 -0.131717 -0.803917
v -3.537093 -0.023617 -0.895023
v -3.317144 -0.023617 -0.803917
v -3.226038 -0.023617 -0.583968
v -3.317144 -0.023617 -0.364018
v -3.537093 -0.023617 -0.272912
v -3.757043 -0.023617 -0.364018
v -3.848149 -0.023617 -0.583968
v -3.757043 -0.023617 -0.803917
v -3.537093 -0.023617 -0.831796
v -3.361853 -0.023617 -0.759209
v -3.289266 -0.023617 -0.583968
v -3.361853 -0.023617 -0.408727
v -3.537093 -0.023617 -0.336140
v -3.712334 -0.023617 -0.408727
v -3.784921 -0.023617 -0.583968
v -3.712334 -0.023617 -0.759208
v -3.537093 -0.170963 -0.831796
v -3.361853 -0.170963 -0.759209
v -3.289266 -0.170963 -0.583968
v -3.361853 -0.170963 -0.408727
v -3.537093 -0.170963 -0.336140
v -3.712334 -0.170963 -0.408727
v -3.784921 -0.170963 -0.583968
v -3.712334 -0.170963 -0.759208
v -4.429893 -0.014095 -2.848022
v -4.429893 -0.128634 -2.848022
v -4.429893 -0.014095 -2.622234
v -4.429893 -0.128634 -2.622234
v -4.630483 -0.128634 -2.622234
v -4.630483 -0.014095 -2.622234
v -4.630483 -0.014095 -2.848022
v -4.630483 -0.128634 -2.848022
v 4.283152 -0.128634 -2.622235
v 4.283152 -0.014095 -2.622235
v 4.483901 -0.128634 -2.622235
v 4.483901 -0.014095 -2.622235
v 4.283152 -0.014095 -2.848023
v 4.283152 -0.014095 -1.417428
v 4.483901 -0.014095 -1.417428
v 4.483901 -0.014095 -2.848023
v 4.283152 -0.128634 -2.848023
v 4.283152 -0.128634 -1.346305
v 4.483901 -0.128634 -1.346305
v 4.483901 -0.128634 -2.848023
v -2.617847 -0.007732 -0.120803
v -2.704152 -0.114259 0.085255
v -2.784521 -0.249962 0.169338
v -2.793589 -0.447087 0.242540
v -2.740753 -0.681790 0.235279
v -2.453838 -0.924760 0.240293
v -2.426305 -0.933477 0.185161
v -2.393257 -0.943774 0.119935
v -2.369700 -0.930951 0.188275
v -2.349730 -0.920080 0.246211
v -2.338804 -0.663800 0.259697
v -2.333583 -0.405821 0.256284
v -2.341778 -0.253468 0.221101
v -2.330662 -0.599679 0.113855
v -2.434121 0.008078 -0.069476
v -2.525980 0.006141 -0.339464
v -2.416814 -0.956597 0.051596
v -2.437752 -0.967995 -0.009149
v -2.678092 -0.848493 -0.724609
v -2.699595 -0.640536 -0.802971
v -2.693157 -0.417369 -0.800271
v -2.663506 -0.255084 -0.724882
v -2.602207 -0.083788 -0.557083
v -2.728000 -0.067694 -0.440365
v -2.907687 -0.225055 -0.505221
v -2.995734 -0.381264 -0.536404
v -3.024432 -0.600905 -0.519340
v -2.991717 -0.818402 -0.492789
v -2.516697 -0.958977 0.057933
v -2.459620 -0.951612 0.088513
v -2.463314 -0.942041 0.143759
v -2.522222 -0.940584 0.163791
v -2.979263 -0.739988 -0.107827
v -2.992232 -0.511854 -0.112832
v -2.983991 -0.303237 -0.153500
v -2.925392 -0.165424 -0.169595
v -2.740218 -0.036048 -0.257700
v -2.584071 -0.241126 0.181758
v -2.540303 -0.672953 0.247698
v -2.398288 -0.932207 0.186815
v -2.402069 -0.922413 0.243349
v -2.579179 -0.449830 0.259173
v -2.525209 -0.003532 -0.115334
v -2.532979 -0.106499 0.095359
v -2.696421 -0.319914 0.010694
v -2.699668 -0.434131 0.052497
v -2.453415 -0.410864 0.068011
v -2.464483 -0.331343 0.029678
v -2.582620 -0.315445 0.019022
v -2.579773 -0.436880 0.064067
v -2.428400 -0.843166 0.253229
v -2.613865 -0.870899 0.114566
v -2.626467 -0.909131 -0.083595
v -2.496026 -0.922273 -0.183840
v -2.343725 -0.839367 0.258000
v -2.512126 -0.846889 0.248117
v -2.796071 -0.865603 -0.371401
v -2.598806 -0.879615 -0.489188
v -2.341682 -0.739648 0.256753
v -2.467032 -0.746563 0.242336
v -2.589803 -0.753321 0.227001
v -2.755512 -0.798989 -0.038199
v -2.320636 -0.015084 -0.221871
v -2.131482 -0.128426 -0.109485
v -2.022636 -0.268809 -0.089745
v -1.979593 -0.467223 -0.034264
v -2.036251 -0.699217 -0.004292
v -2.271120 -0.929280 0.178158
v -2.326895 -0.935937 0.151356
v -2.336086 -0.484815 0.254669
v -2.339041 -0.581025 0.252978
v -2.260646 -0.522121 0.195721
v -2.334857 -0.555246 0.116168
v -2.431268 -0.597190 0.148067
v -2.424568 -0.553026 0.146674
v -2.446283 -0.602885 0.257143
v -2.433383 -0.517848 0.254461
v -2.246808 -0.611114 0.188572
v -2.438932 -0.515666 0.255718
v -2.452639 -0.606022 0.258567
v -2.335549 -0.480567 0.255939
v -2.338689 -0.582795 0.254142
v -2.430788 -0.075046 -0.541434
v -2.335017 -0.239221 -0.699960
v -2.291232 -0.398692 -0.775974
v -2.267851 -0.619621 -0.776620
v -2.287215 -0.835830 -0.732359
v -2.333979 -0.963498 -0.004201
v -2.360209 -0.954071 0.054708
v -2.323200 -0.945507 0.096112
v -2.264292 -0.946965 0.076080
v -2.059048 -0.762752 -0.420752
v -2.041718 -0.535368 -0.436061
v -2.063775 -0.326001 -0.466425
v -2.113866 -0.185500 -0.445560
v -2.308418 -0.046730 -0.404537
v -2.173376 -0.251286 0.042099
v -2.186991 -0.681694 0.127552
v -2.348012 -0.933451 0.169719
v -2.310140 -0.924687 0.212087
v -2.139332 -0.460711 0.109600
v -2.390460 -0.006865 -0.161156
v -2.260501 -0.113240 0.002701
v -2.192146 -0.332389 -0.160788
v -2.169168 -0.447254 -0.127903
v -2.353645 -0.413333 0.034084
v -2.364714 -0.333811 -0.004249
v -2.276971 -0.323006 -0.084915
v -2.257162 -0.444861 -0.045639
v -2.279761 -0.846843 0.202683
v -2.218640 -0.880676 -0.019833
v -2.331094 -0.916438 -0.184038
v -2.252568 -0.607677 0.191268
v -2.374037 -0.535871 0.146783
v -2.216753 -0.854196 0.147673
v -2.370243 -0.876137 -0.516206
v -2.255391 -0.520206 0.193303
v -2.375571 -0.585837 0.145904
v -2.251531 -0.751894 0.169054
v -2.163974 -0.763855 0.082196
v -2.196386 -0.812821 -0.228333
v -0.695609 -0.903233 0.262796
v -0.315120 -0.903233 -0.705186
v 0.364267 -0.903233 -0.438136
v -0.016223 -0.903233 0.529846
v -0.695609 -0.846110 0.262796
v -0.315120 -0.846110 -0.705186
v 0.364267 -0.846110 -0.438136
v -0.016223 -0.846110 0.529846
v -0.837246 -0.956875 0.296058
v -0.615087 -0.956875 -0.720016
v 0.098053 -0.956875 -0.564092
v -0.124106 -0.956875 0.451982
v -0.837246 -0.899751 0.296058
v -0.615087 -0.899751 -0.720016
v 0.098053 -0.899751 -0.564092
v -0.124106 -0.899751 0.451982
v -4.630483 -0.014095 -1.410820
v -4.630483 -0.128634 -1.339697
v -4.429893 -0.128634 -1.339697
v -4.429893 -0.014095 -1.410820
v -0.879100 -1.054858 -1.148457
v -0.879100 -0.737042 -1.148457
v -0.687162 -1.054858 -1.068954
v -0.687162 -0.737042 -1.068954
v -0.607659 -1.054858 -0.877016
v -0.607659 -0.737042 -0.877016
v -0.687162 -1.054858 -0.685079
v -0.687162 -0.737042 -0.685079
v -0.879100 -1.054858 -0.605576
v -0.879100 -0.737042 -0.605576
v -1.071037 -1.054858 -0.685079
v -1.071037 -0.737042 -0.685079
v -1.150541 -1.054858 -0.877016
v -1.150541 -0.737042 -0.877016
v -1.071037 -1.054858 -1.068954
v -1.071037 -0.737042 -1.068954
v -0.879100 -0.737042 -1.074102
v -0.739739 -0.737042 -1.016377
v -0.682014 -0.737042 -0.877016
v -0.739739 -0.737042 -0.737655
v -0.879100 -0.737042 -0.679930
v -1.018461 -0.737042 -0.737655
v -1.076186 -0.737042 -0.877016
v -1.018461 -0.737042 -1.016377
v -0.879100 -0.696945 -1.074102
v -0.739739 -0.696945 -1.016377
v -0.682014 -0.696945 -0.877016
v -0.739739 -0.696945 -0.737655
v -0.879100 -0.696945 -0.679930
v -1.018461 -0.696945 -0.737655
v -1.076186 -0.696945 -0.877016
v -1.018461 -0.696945 -1.016377
v -0.879100 -0.696945 -1.034041
v -0.768067 -0.696945 -0.988050
v -0.722075 -0.696945 -0.877016
v -0.768067 -0.696945 -0.765983
v -0.879100 -0.696945 -0.719992
v -0.990133 -0.696945 -0.765983
v -1.036124 -0.696945 -0.877016
v -0.990133 -0.696945 -0.988050
v -0.879100 -0.751599 -1.034041
v -0.768067 -0.751599 -0.988050
v -0.722075 -0.751599 -0.877016
v -0.768067 -0.751599 -0.765983
v -0.879100 -0.751599 -0.719992
v -0.990133 -0.751599 -0.765983
v -1.036124 -0.751599 -0.877016
v -0.990133 -0.751599 -0.988050
v -0.103492 1.435871 -2.023150
v -0.103492 0.650219 -2.023150
v -0.103492 0.021986 -2.064247
v -0.103492 1.093389 -2.064247
v 0.031644 0.021986 -2.023194
v 0.031644 1.093389 -2.023194
v 0.087619 0.021986 -1.924083
v 0.087619 1.093389 -1.924083
v 0.031644 0.021986 -1.824972
v 0.031644 1.093389 -1.824972
v -0.103492 0.021986 -1.783919
v -0.103492 1.093389 -1.783919
v -0.238627 0.021986 -1.824972
v -0.238627 1.093389 -1.824972
v -0.294602 0.021986 -1.924083
v -0.294602 1.093389 -1.924083
v -0.238627 0.021986 -2.023194
v -0.238627 1.093389 -2.023194
v -0.007979 0.650219 -1.994134
v -0.007979 1.435871 -1.994134
v 0.031584 0.650219 -1.924083
v 0.031584 1.435871 -1.924083
v -0.007979 0.650219 -1.854032
v -0.007979 1.435871 -1.854032
v -0.103492 0.650219 -1.825016
v -0.103492 1.435871 -1.825016
v -0.199004 0.650219 -1.854032
v -0.199004 1.435871 -1.854032
v -0.238567 0.650219 -1.924083
v -0.238567 1.435871 -1.924083
v -0.199004 0.650219 -1.994134
v -0.199004 1.435871 -1.994134
v -1.258171 1.415918 -2.003767
v -1.258171 0.382304 -2.003767
v -1.181346 0.382304 -1.980428
v -1.181346 1.415918 -1.980428
v -1.149524 0.382304 -1.924083
v -1.149524 1.415918 -1.924083
v -1.181346 0.382304 -1.867738
v -1.181346 1.415918 -1.867738
v -1.258171 0.382304 -1.844398
v -1.258171 1.415918 -1.844398
v -1.334997 0.382304 -1.867738
v -1.334997 1.415918 -1.867738
v -1.366820 0.382304 -1.924083
v -1.366820 1.415918 -1.924083
v -1.334997 0.382304 -1.980428
v -1.334997 1.415918 -1.980428
v 1.008899 1.415918 -1.980428
v 1.008899 0.382304 -1.980428
v 0.977077 1.415918 -1.924083
v 0.977077 0.382304 -1.924083
v 1.008899 1.415918 -1.867738
v 1.008899 0.382304 -1.867738
v 1.085725 1.415918 -1.844398
v 1.085725 0.382304 -1.844398
v 1.162551 1.415918 -1.867738
v 1.162551 0.382304 -1.867738
v 1.194373 1.415918 -1.924083
v 1.194373 0.382304 -1.924083
v 1.162551 1.415918 -1.980428
v 1.162551 0.382304 -1.980428
v 1.085725 0.382304 -2.003767
v 1.085725 1.415918 -2.003767
v -1.258171 0.417276 -2.217018
v -1.258171 0.262953 -2.217018
v -0.975746 0.262953 -2.131220
v -0.975746 0.417276 -2.131220
v -0.858761 0.262953 -1.924083
v -0.858761 0.417276 -1.924083
v -0.975746 0.262953 -1.716947
v -0.975746 0.417276 -1.716947
v -1.258171 0.262953 -1.631148
v -1.258171 0.417276 -1.631148
v -1.540598 0.262953 -1.716947
v -1.540598 0.417276 -1.716947
v -1.657582 0.262953 -1.924083
v -1.657582 0.417276 -1.924083
v -1.540598 0.262953 -2.131220
v -1.540598 0.417276 -2.131220
v -1.258171 0.262953 -2.161282
v -1.029483 0.262953 -2.091808
v -0.934757 0.262953 -1.924083
v -1.029483 0.262953 -1.756358
v -1.258171 0.262953 -1.686885
v -1.486861 0.262953 -1.756358
v -1.581588 0.262953 -1.924083
v -1.486861 0.262953 -2.091808
v -1.258171 0.176481 -2.161282
v -1.029483 0.176481 -2.091808
v -0.934757 0.176481 -1.924083
v -1.029483 0.176481 -1.756358
v -1.258171 0.176481 -1.686885
v -1.486861 0.176481 -1.756358
v -1.581588 0.176481 -1.924083
v -1.486861 0.176481 -2.091808
v -1.695378 0.043345 -1.600307
v -1.695378 0.043345 -2.247860
v -0.812455 0.043345 -2.247860
v -0.812455 0.043345 -1.600307
v -1.695378 0.185960 -1.600307
v -1.695378 0.185960 -2.247860
v -0.812455 0.185960 -2.247860
v -0.812455 0.185960 -1.600307
v -1.258171 0.417276 -1.924083
v -1.258171 1.415918 -1.924083
v 1.301797 1.412111 -1.801376
v 1.301797 1.412111 -2.046790
v -1.505523 1.412111 -2.046790
v -1.505523 1.412111 -1.801376
v 1.301797 1.492848 -1.801376
v 1.301797 1.492848 -2.046790
v -1.505523 1.492848 -2.046790
v -1.505523 1.492848 -1.801376
v -0.101863 1.681625 -2.046790
v -0.101863 1.412111 -2.046790
v -0.101863 1.681625 -1.801376
v -0.101863 1.412111 -1.801376
v 1.666776 0.071839 -1.399384
v 1.666776 0.071839 -2.477536
v -1.849450 0.071839 -2.477536
v -1.849450 0.071839 -1.399384
v 1.666776 -0.151232 -1.399384
v 1.666776 -0.151232 -2.477536
v -1.849450 -0.151232 -2.477536
v -1.849450 -0.151232 -1.399384
v 1.085725 1.415918 -1.924083
v 1.085725 0.417276 -1.924083
v 1.531442 0.185960 -1.600307
v 1.531442 0.185960 -2.247860
v 0.648519 0.185960 -2.247860
v 0.648519 0.185960 -1.600307
v 1.531442 0.043345 -1.600307
v 1.531442 0.043345 -2.247860
v 0.648519 0.043345 -2.247860
v 0.648519 0.043345 -1.600307
v 0.857036 0.176481 -2.091808
v 0.762309 0.176481 -1.924083
v 0.857036 0.176481 -1.756358
v 1.085725 0.176481 -1.686885
v 1.314414 0.176481 -1.756358
v 1.409140 0.176481 -1.924083
v 1.314414 0.176481 -2.091808
v 1.085725 0.176481 -2.161282
v 0.857036 0.262953 -2.091808
v 0.762309 0.262953 -1.924083
v 0.857036 0.262953 -1.756358
v 1.085725 0.262953 -1.686885
v 1.314414 0.262953 -1.756358
v 1.409140 0.262953 -1.924083
v 1.314414 0.262953 -2.091808
v 1.085725 0.262953 -2.161282
v 0.803299 0.417276 -2.131220
v 0.803299 0.262953 -2.131220
v 0.686314 0.417276 -1.924083
v 0.686314 0.262953 -1.924083
v 0.803299 0.417276 -1.716947
v 0.803299 0.262953 -1.716947
v 1.085725 0.417276 -1.631148
v 1.085725 0.262953 -1.631148
v 1.368151 0.417276 -1.716947
v 1.368151 0.262953 -1.716947
v 1.485135 0.417276 -1.924083
v 1.485135 0.262953 -1.924083
v 1.368151 0.417276 -2.131220
v 1.368151 0.262953 -2.131220
v 1.085725 0.262953 -2.217018
v 1.085725 0.417276 -2.217018
v -0.103492 2.396444 -2.023150
v -0.103492 1.610791 -2.023150
v -0.007979 1.610791 -1.994134
v -0.007979 2.396444 -1.994134
v 0.031584 1.610791 -1.924083
v 0.031584 2.396444 -1.924083
v -0.007979 1.610791 -1.854032
v -0.007979 2.396444 -1.854032
v -0.103492 1.610791 -1.825016
v -0.103492 2.396444 -1.825016
v -0.199004 1.610791 -1.854032
v -0.199004 2.396444 -1.854032
v -0.238567 1.610791 -1.924083
v -0.238567 2.396444 -1.924083
v -0.199004 1.610791 -1.994134
v -0.199004 2.396444 -1.994134
v -0.179925 2.168134 -1.868025
v 0.004603 2.168134 -1.924083
v -0.103492 2.168134 -1.844805
v -0.027058 2.168134 -1.980141
v -0.103492 2.168134 -2.003361
v -0.027058 2.168134 -1.868025
v -0.211585 2.168134 -1.924083
v -0.179925 2.168134 -1.980141
v -0.198764 1.926395 -1.854208
v 0.031245 1.926395 -1.924083
v -0.103492 1.926395 -1.825265
v -0.008219 1.926395 -1.993958
v -0.008219 1.926395 -1.854208
v -0.238227 1.926395 -1.924083
v -0.198764 1.926395 -1.993958
v -0.103492 1.926395 -2.022901
v -0.103492 2.446882 -1.924083
v -0.205170 1.600327 -1.784062
v -0.292749 1.557408 -1.784062
v -0.351268 1.493176 -1.784062
v -0.371817 1.417409 -1.784062
v -0.174912 1.600327 -1.791408
v -0.236840 1.557408 -1.797636
v -0.278219 1.493176 -1.801797
v -0.292749 1.417409 -1.803258
v -0.101863 1.600327 -1.794451
v -0.101863 1.557408 -1.803258
v -0.101863 1.493176 -1.809143
v -0.101863 1.417409 -1.811209
v -0.101863 1.615398 -1.784062
v -0.028814 1.600327 -1.791408
v 0.033114 1.557408 -1.797636
v 0.074492 1.493176 -1.801797
v 0.089023 1.417409 -1.803258
v 0.001444 1.600327 -1.784062
v 0.089023 1.557408 -1.784062
v 0.147542 1.493176 -1.784062
v 0.168090 1.417409 -1.784062
v -0.028814 1.600327 -1.776716
v 0.033114 1.557408 -1.770489
v 0.074492 1.493176 -1.766328
v 0.089023 1.417409 -1.764866
v -0.101863 1.600327 -1.773674
v -0.101863 1.557408 -1.764866
v -0.101863 1.493176 -1.758982
v -0.101863 1.417409 -1.756915
v -0.174912 1.600327 -1.776716
v -0.236840 1.557408 -1.770489
v -0.278219 1.493176 -1.766328
v -0.292749 1.417409 -1.764866
v -3.537093 -0.170963 -0.583968
v -0.879100 -0.751599 -0.877016
v 1.861971 0.794981 -0.000000
v 2.479652 -0.162724 -0.000000
v 3.195468 0.101060 -0.000000
v -0.103492 1.093389 -1.924083
v -0.096057 0.199524 -1.924083
v -0.324747 -0.041270 -2.091808
v -0.419473 -0.041270 -1.924083
v -0.324747 -0.041270 -1.756358
v -0.096057 -0.041270 -1.686885
v 0.132632 -0.041270 -1.756358
v 0.227358 -0.041270 -1.924083
v 0.132632 -0.041270 -2.091808
v -0.096057 -0.041270 -2.161282
v -0.324747 0.045201 -2.091808
v -0.419473 0.045201 -1.924083
v -0.324747 0.045201 -1.756358
v -0.096057 0.045201 -1.686885
v 0.132632 0.045201 -1.756358
v 0.227358 0.045201 -1.924083
v 0.132632 0.045201 -2.091808
v -0.096057 0.045201 -2.161282
v -0.378483 0.199524 -2.131220
v -0.378483 0.045201 -2.131220
v -0.495468 0.199524 -1.924083
v -0.495468 0.045201 -1.924083
v -0.378483 0.199524 -1.716947
v -0.378483 0.045201 -1.716947
v -0.096057 0.199524 -1.631148
v -0.096057 0.045201 -1.631148
v 0.186369 0.199524 -1.716947
v 0.186369 0.045201 -1.716947
v 0.303353 0.199524 -1.924083
v 0.303353 0.045201 -1.924083
v 0.186369 0.199524 -2.131220
v 0.186369 0.045201 -2.131220
v -0.096057 0.045201 -2.217018
v -0.096057 0.199524 -2.217018
vt 0.219787 0.931416
vt 0.219787 0.974416
vt 0.204573 0.974598
vt 0.204573 0.931599
vt 0.234219 0.932007
vt 0.234219 0.973689
vt 0.218502 0.973639
vt 0.218502 0.931957
vt 0.205630 0.973827
vt 0.205630 0.932145
vt 0.235338 0.931492
vt 0.235338 0.974484
vt 0.220225 0.974233
vt 0.220225 0.931240
vt 0.204995 0.974473
vt 0.204995 0.931480
vt 0.205267 0.973188
vt 0.205267 0.932082
vt 0.219794 0.932133
vt 0.219794 0.973239
vt 0.012909 0.953882
vt 0.000817 0.941823
vt 0.006472 0.939487
vt 0.015251 0.948243
vt 0.234910 0.931605
vt 0.234910 0.974605
vt 0.234257 0.932081
vt 0.234257 0.973186
vt 0.042195 0.941866
vt 0.030141 0.953969
vt 0.013096 0.953977
vt 0.001042 0.941885
vt 0.001042 0.924776
vt 0.013096 0.912673
vt 0.030141 0.912665
vt 0.042195 0.924757
vt 0.213307 0.954441
vt 0.213442 0.943431
vt 0.225093 0.943429
vt 0.224958 0.954438
vt 0.000817 0.924768
vt 0.006472 0.927104
vt 0.012909 0.912708
vt 0.015251 0.918347
vt 0.030009 0.912708
vt 0.027667 0.918348
vt 0.042100 0.924768
vt 0.036446 0.927104
vt 0.042100 0.941823
vt 0.036446 0.939487
vt 0.030009 0.953882
vt 0.027667 0.948243
vt 0.208084 0.970923
vt 0.208047 0.960394
vt 0.219185 0.960395
vt 0.219222 0.970924
vt 0.208084 0.949819
vt 0.219222 0.949819
vt 0.213003 0.967846
vt 0.212833 0.957249
vt 0.223967 0.957245
vt 0.224137 0.967841
vt 0.213003 0.946734
vt 0.224137 0.946730
vt 0.218328 0.965914
vt 0.218237 0.956542
vt 0.229531 0.956597
vt 0.229622 0.965968
vt 0.218328 0.945101
vt 0.229622 0.945156
vt 0.213442 0.965517
vt 0.225093 0.965514
vt 0.043954 0.681941
vt 0.043954 0.559800
vt 0.069919 0.559801
vt 0.069919 0.681943
vt 0.001391 0.001995
vt 0.079793 0.002027
vt 0.089099 0.028260
vt 0.029616 0.028236
vt 0.115108 0.600199
vt 0.115108 0.479746
vt 0.141437 0.479872
vt 0.141437 0.600326
vt 0.326455 0.904577
vt 0.326455 0.429034
vt 0.352411 0.429024
vt 0.352411 0.904567
vt 0.079793 0.477654
vt 0.001391 0.477622
vt 0.029616 0.451404
vt 0.089099 0.451428
vt 0.355139 0.442524
vt 0.622567 0.461785
vt 0.622567 0.937254
vt 0.596606 0.937259
vt 0.596606 0.461791
vt 0.141437 0.677890
vt 0.115108 0.677763
vt 0.043954 0.481148
vt 0.001122 0.559798
vt 0.001122 0.481146
vt 0.069919 0.481149
vt 0.788756 0.002131
vt 0.788756 0.477502
vt 0.710312 0.477503
vt 0.710312 0.002131
vt 0.071675 0.677554
vt 0.071675 0.599990
vt 0.665391 0.461776
vt 0.665391 0.937245
vt 0.871612 0.477594
vt 0.871612 0.002051
vt 0.914429 0.002035
vt 0.914429 0.477578
vt 0.321280 0.807035
vt 0.321281 0.865883
vt 0.278721 0.865678
vt 0.278721 0.806830
vt 0.913589 0.871452
vt 0.913589 0.931125
vt 0.871618 0.931123
vt 0.871618 0.871450
vt 0.201547 0.002076
vt 0.201547 0.477703
vt 0.181474 0.451466
vt 0.181474 0.028298
vt 0.204223 0.001880
vt 0.263707 0.001904
vt 0.266001 0.025502
vt 0.218967 0.025483
vt 0.263707 0.425072
vt 0.204223 0.425047
vt 0.218967 0.401457
vt 0.266001 0.401476
vt 0.790954 0.904590
vt 0.790954 0.481563
vt 0.832916 0.481554
vt 0.832916 0.904581
vt 0.475343 0.481549
vt 0.475343 0.904642
vt 0.433387 0.904657
vt 0.433387 0.481565
vt 0.321281 0.957271
vt 0.278721 0.957066
vt 0.913589 0.778783
vt 0.871618 0.778781
vt 0.871178 0.598829
vt 0.871178 0.552298
vt 0.944960 0.552653
vt 0.944960 0.599185
vt 0.276832 0.881091
vt 0.276832 0.928275
vt 0.204070 0.928271
vt 0.204070 0.881088
vt 0.356082 0.001942
vt 0.356082 0.425109
vt 0.339043 0.401505
vt 0.339043 0.025532
vt 0.277194 0.804769
vt 0.277194 0.428795
vt 0.324228 0.428814
vt 0.324228 0.804788
vt 0.204153 0.428765
vt 0.204153 0.804739
vt 0.710289 0.857338
vt 0.710289 0.481490
vt 0.783037 0.481474
vt 0.783037 0.857323
vt 0.358484 0.857375
vt 0.358484 0.481468
vt 0.431221 0.481442
vt 0.431221 0.857349
vt 0.871178 0.480037
vt 0.944960 0.480392
vt 0.276832 0.807817
vt 0.204070 0.807814
vt 0.358621 0.002131
vt 0.480440 0.002131
vt 0.480440 0.477502
vt 0.358621 0.477503
vt 0.133894 0.868653
vt 0.133894 0.968169
vt 0.123453 0.968168
vt 0.123453 0.868652
vt 0.596469 0.992749
vt 0.596469 0.982278
vt 0.606908 0.982275
vt 0.606908 0.992747
vt 0.054814 0.962297
vt 0.044373 0.962297
vt 0.044373 0.862437
vt 0.054814 0.862437
vt 0.926893 0.447188
vt 0.926893 0.457661
vt 0.916455 0.457665
vt 0.916455 0.447192
vt 0.608426 0.001956
vt 0.707626 0.001996
vt 0.707626 0.012471
vt 0.608426 0.012431
vt 0.582519 0.012551
vt 0.483266 0.012551
vt 0.483266 0.002082
vt 0.582519 0.002081
vt 0.594263 0.012551
vt 0.594263 0.002081
vt 0.596688 0.001951
vt 0.596688 0.012426
vt 0.059550 0.968220
vt 0.059550 0.870080
vt 0.070138 0.870131
vt 0.070138 0.968272
vt 0.133894 0.856878
vt 0.123453 0.856877
vt 0.960035 0.491691
vt 0.960035 0.480078
vt 0.970623 0.480129
vt 0.970623 0.491742
vt 0.596688 0.447237
vt 0.608426 0.447241
vt 0.608426 0.457708
vt 0.596688 0.457703
vt 0.926893 0.012455
vt 0.916455 0.012458
vt 0.916455 0.001994
vt 0.926893 0.001990
vt 0.582519 0.447128
vt 0.594263 0.447128
vt 0.594263 0.457589
vt 0.582519 0.457589
vt 0.939285 0.436645
vt 0.928845 0.436648
vt 0.928845 0.001982
vt 0.939285 0.001980
vt 0.638111 0.982277
vt 0.638111 0.992745
vt 0.627675 0.992742
vt 0.627675 0.982275
vt 0.707969 0.447282
vt 0.707969 0.457748
vt 0.482923 0.457589
vt 0.482923 0.447128
vt 0.970623 0.590221
vt 0.960035 0.590170
vt 0.677621 0.874510
vt 0.685137 0.874391
vt 0.685137 0.902665
vt 0.677621 0.902783
vt 0.672679 0.864889
vt 0.683570 0.864829
vt 0.685063 0.875453
vt 0.678385 0.875490
vt 0.684894 0.815117
vt 0.684894 0.863919
vt 0.672635 0.864066
vt 0.672635 0.815264
vt 0.685236 0.875224
vt 0.692789 0.875251
vt 0.692789 0.903734
vt 0.685236 0.903708
vt 0.685199 0.863848
vt 0.697363 0.864051
vt 0.692595 0.874515
vt 0.697318 0.815325
vt 0.696866 0.864993
vt 0.684023 0.815161
vt 0.684800 0.904264
vt 0.678122 0.904300
vt 0.672940 0.864042
vt 0.673131 0.815221
vt 0.693215 0.875553
vt 0.692952 0.904364
vt 0.685199 0.864809
vt 0.697520 0.864852
vt 0.697363 0.815309
vt 0.685199 0.815106
vt 0.677330 0.902810
vt 0.684846 0.902719
vt 0.684828 0.906398
vt 0.679139 0.906467
vt 0.672933 0.864854
vt 0.677715 0.875252
vt 0.672940 0.815300
vt 0.684846 0.874411
vt 0.677330 0.874501
vt 0.697520 0.815749
vt 0.685199 0.815706
vt 0.697080 0.864071
vt 0.692318 0.874504
vt 0.697080 0.815269
vt 0.672933 0.815750
vt 0.692595 0.902789
vt 0.037759 0.940123
vt 0.028503 0.949418
vt 0.015412 0.949425
vt 0.006155 0.940138
vt 0.006155 0.926999
vt 0.015412 0.917704
vt 0.028503 0.917698
vt 0.037759 0.926984
vt 0.677715 0.903735
vt 0.692318 0.902813
vt 0.684828 0.909229
vt 0.679139 0.909298
vt 0.691548 0.908063
vt 0.685379 0.907987
vt 0.680325 0.908015
vt 0.690757 0.906458
vt 0.685113 0.906364
vt 0.679425 0.906454
vt 0.690966 0.907375
vt 0.685249 0.907355
vt 0.679558 0.907375
vt 0.690482 0.906469
vt 0.018024 0.940476
vt 0.013715 0.936178
vt 0.021071 0.933139
vt 0.024118 0.940476
vt 0.691522 0.910944
vt 0.685352 0.910869
vt 0.680299 0.910896
vt 0.690757 0.909285
vt 0.685113 0.909191
vt 0.679425 0.909281
vt 0.690966 0.910223
vt 0.685249 0.910203
vt 0.679558 0.910224
vt 0.690482 0.909300
vt 0.219288 0.937078
vt 0.219288 0.970956
vt 0.209789 0.971070
vt 0.209789 0.937192
vt 0.229868 0.934778
vt 0.229868 0.969138
vt 0.219601 0.969105
vt 0.219601 0.934745
vt 0.211192 0.969228
vt 0.211193 0.934868
vt 0.230251 0.936881
vt 0.230251 0.970754
vt 0.220815 0.970597
vt 0.220815 0.936724
vt 0.211306 0.970747
vt 0.211306 0.936874
vt 0.226875 0.937474
vt 0.226875 0.969860
vt 0.217804 0.969828
vt 0.217804 0.937443
vt 0.016115 0.919678
vt 0.026792 0.919678
vt 0.024470 0.925268
vt 0.018437 0.925268
vt 0.228730 0.937196
vt 0.228730 0.971074
vt 0.208774 0.969861
vt 0.208774 0.937475
vt 0.025385 0.920754
vt 0.032939 0.928283
vt 0.032939 0.938926
vt 0.025386 0.946448
vt 0.014704 0.946443
vt 0.007150 0.938913
vt 0.007150 0.928271
vt 0.014704 0.920749
vt 0.210020 0.956233
vt 0.210086 0.950884
vt 0.217064 0.950882
vt 0.216999 0.956232
vt 0.034341 0.927208
vt 0.028736 0.929523
vt 0.034341 0.937856
vt 0.028736 0.935540
vt 0.026791 0.945385
vt 0.024470 0.939795
vt 0.016115 0.945385
vt 0.018437 0.939795
vt 0.008566 0.937856
vt 0.014171 0.935540
vt 0.008566 0.927207
vt 0.014171 0.929523
vt 0.024643 0.940298
vt 0.021626 0.933034
vt 0.028909 0.930026
vt 0.028909 0.936043
vt 0.221378 0.961613
vt 0.221359 0.956260
vt 0.228339 0.956260
vt 0.228358 0.961613
vt 0.221378 0.950883
vt 0.228358 0.950883
vt 0.207031 0.959899
vt 0.206948 0.954750
vt 0.213617 0.954747
vt 0.213700 0.959896
vt 0.207031 0.949640
vt 0.213700 0.949638
vt 0.208382 0.945264
vt 0.208338 0.940710
vt 0.215102 0.940743
vt 0.215147 0.945296
vt 0.208382 0.935151
vt 0.215147 0.935183
vt 0.210086 0.961615
vt 0.217064 0.961614
vt 0.398454 0.906109
vt 0.398454 0.860249
vt 0.430492 0.860251
vt 0.430492 0.906111
vt 0.559752 0.636155
vt 0.559752 0.461044
vt 0.591784 0.461037
vt 0.591784 0.636148
vt 0.398226 0.953147
vt 0.398226 0.907921
vt 0.430714 0.908077
vt 0.430714 0.953303
vt 0.667531 0.636201
vt 0.667531 0.461062
vt 0.699558 0.461051
vt 0.699558 0.636189
vt 0.917329 0.776117
vt 0.871615 0.776098
vt 0.871615 0.600929
vt 0.917329 0.600947
vt 0.046804 0.684776
vt 0.046804 0.859852
vt 0.034710 0.850741
vt 0.034710 0.693887
vt 0.834994 0.797354
vt 0.834994 0.640468
vt 0.866357 0.640461
vt 0.866357 0.797347
vt 0.001066 0.859852
vt 0.002646 0.850741
vt 0.001066 0.684777
vt 0.002646 0.693887
vt 0.867063 0.637797
vt 0.834999 0.637797
vt 0.834999 0.480943
vt 0.867063 0.480943
vt 0.832264 0.950857
vt 0.832264 0.983005
vt 0.800895 0.983004
vt 0.800895 0.950856
vt 0.915668 0.935685
vt 0.915668 0.778774
vt 0.947026 0.778763
vt 0.947026 0.935673
vt 0.474768 0.982669
vt 0.443148 0.982822
vt 0.443148 0.950929
vt 0.474768 0.950776
vt 0.953054 0.776290
vt 0.953054 0.744340
vt 0.982858 0.744342
vt 0.982858 0.776291
vt 0.072134 0.854300
vt 0.072134 0.679296
vt 0.101937 0.679288
vt 0.101938 0.854290
vt 0.697525 0.953581
vt 0.697525 0.985089
vt 0.667303 0.984943
vt 0.667303 0.953436
vt 0.667526 0.813913
vt 0.667526 0.638914
vt 0.697319 0.638903
vt 0.697319 0.813902
vt 0.133780 0.854300
vt 0.133780 0.679298
vt 0.559755 0.638907
vt 0.591620 0.638907
vt 0.591620 0.813844
vt 0.559755 0.813844
vt 0.121506 0.987017
vt 0.114528 0.987018
vt 0.114528 0.981494
vt 0.121506 0.981494
vt 0.978013 0.589599
vt 0.978012 0.582602
vt 0.983521 0.582601
vt 0.983521 0.589598
vt 0.983492 0.881331
vt 0.983492 0.874333
vt 0.988999 0.874331
vt 0.988999 0.881329
vt 0.194003 0.853154
vt 0.200977 0.853156
vt 0.200977 0.860156
vt 0.194003 0.860153
vt 0.351222 0.914577
vt 0.344245 0.914577
vt 0.344245 0.907581
vt 0.351222 0.907581
vt 0.977985 0.881333
vt 0.977985 0.874335
vt 0.507663 0.991079
vt 0.507663 0.984180
vt 0.513250 0.984207
vt 0.513250 0.991106
vt 0.972505 0.589600
vt 0.972505 0.582604
vt 0.121506 0.992541
vt 0.114528 0.992541
vt 0.482660 0.991206
vt 0.482660 0.984229
vt 0.488184 0.984229
vt 0.488184 0.991206
vt 0.515145 0.989214
vt 0.522142 0.989216
vt 0.522142 0.994723
vt 0.515145 0.994722
vt 0.851173 0.989377
vt 0.858054 0.989344
vt 0.858054 0.994945
vt 0.851173 0.994978
vt 0.524079 0.989212
vt 0.531077 0.989215
vt 0.531077 0.994722
vt 0.524079 0.994719
vt 0.007941 0.991184
vt 0.000967 0.991181
vt 0.000967 0.984182
vt 0.007941 0.984185
vt 0.333390 0.907581
vt 0.333390 0.914577
vt 0.326413 0.914577
vt 0.326413 0.907581
vt 0.524079 0.983705
vt 0.531077 0.983708
vt 0.851173 0.983776
vt 0.858054 0.983743
vt 0.515145 0.983706
vt 0.522142 0.983708
vt 0.977362 0.116854
vt 0.977362 0.109877
vt 0.982885 0.109877
vt 0.982885 0.116854
vt 0.434394 0.951029
vt 0.441371 0.951029
vt 0.441371 0.993886
vt 0.434394 0.993886
vt 0.988999 0.924201
vt 0.983492 0.924203
vt 0.200977 0.903035
vt 0.194003 0.903032
vt 0.978013 0.539737
vt 0.983521 0.539736
vt 0.608854 0.987801
vt 0.615832 0.987801
vt 0.615832 0.993325
vt 0.608854 0.993325
vt 0.970522 0.924199
vt 0.970522 0.917202
vt 0.976030 0.917201
vt 0.976030 0.924198
vt 0.982880 0.100842
vt 0.982880 0.107840
vt 0.977373 0.107842
vt 0.977373 0.100844
vt 0.912076 0.983397
vt 0.905103 0.983394
vt 0.905103 0.976394
vt 0.912076 0.976397
vt 0.027123 0.984184
vt 0.027123 0.991161
vt 0.020128 0.991161
vt 0.020128 0.984184
vt 0.988387 0.100840
vt 0.988387 0.107838
vt 0.490076 0.991079
vt 0.490076 0.984180
vt 0.495662 0.984207
vt 0.495662 0.991106
vt 0.965014 0.924200
vt 0.965014 0.917203
vt 0.608854 0.982278
vt 0.615832 0.982278
vt 0.984471 0.535754
vt 0.984471 0.528777
vt 0.989995 0.528777
vt 0.989995 0.535754
vt 0.702245 0.988872
vt 0.709242 0.988873
vt 0.709242 0.994381
vt 0.702245 0.994379
vt 0.842451 0.989377
vt 0.849332 0.989344
vt 0.849332 0.994945
vt 0.842451 0.994978
vt 0.540011 0.989215
vt 0.533013 0.989212
vt 0.533013 0.983705
vt 0.540011 0.983708
vt 0.016849 0.991184
vt 0.009876 0.991181
vt 0.009876 0.984182
vt 0.016849 0.984185
vt 0.342306 0.914577
vt 0.335329 0.914577
vt 0.335329 0.907581
vt 0.342306 0.907581
vt 0.540011 0.994722
vt 0.533013 0.994719
vt 0.842451 0.983776
vt 0.849332 0.983743
vt 0.702245 0.983364
vt 0.709242 0.983365
vt 0.665201 0.982268
vt 0.665201 0.989245
vt 0.659677 0.989245
vt 0.659677 0.982268
vt 0.790872 0.950883
vt 0.797849 0.950883
vt 0.797849 0.993739
vt 0.790872 0.993739
vt 0.977373 0.057972
vt 0.982880 0.057970
vt 0.905103 0.933515
vt 0.912076 0.933518
vt 0.970522 0.874337
vt 0.976030 0.874336
vt 0.732490 0.915746
vt 0.732490 0.962225
vt 0.716044 0.962422
vt 0.716044 0.915943
vt 0.980565 0.926367
vt 0.980565 0.973507
vt 0.962790 0.973451
vt 0.962790 0.926311
vt 0.948233 0.973663
vt 0.948233 0.926523
vt 0.361319 0.915996
vt 0.361319 0.962467
vt 0.344984 0.962195
vt 0.344984 0.915724
vt 0.328522 0.962455
vt 0.328522 0.915984
vt 0.903742 0.932670
vt 0.903742 0.979158
vt 0.887312 0.979100
vt 0.887312 0.932613
vt 0.803048 0.907596
vt 0.820148 0.907596
vt 0.817806 0.913236
vt 0.805390 0.913236
vt 0.748837 0.915950
vt 0.748837 0.962429
vt 0.870956 0.979160
vt 0.870956 0.932672
vt 0.474534 0.936817
vt 0.462480 0.948920
vt 0.445435 0.948928
vt 0.433381 0.936836
vt 0.433381 0.919727
vt 0.445435 0.907624
vt 0.462480 0.907616
vt 0.474534 0.919708
vt 0.834687 0.967165
vt 0.834832 0.955264
vt 0.840681 0.955263
vt 0.840536 0.967164
vt 0.832239 0.919656
vt 0.826585 0.921992
vt 0.832239 0.936711
vt 0.826585 0.934375
vt 0.820148 0.948770
vt 0.817806 0.943131
vt 0.803048 0.948770
vt 0.805390 0.943131
vt 0.790957 0.936711
vt 0.796611 0.934375
vt 0.790957 0.919656
vt 0.796611 0.921992
vt 0.080847 0.954382
vt 0.093263 0.954382
vt 0.092001 0.957421
vt 0.082109 0.957421
vt 0.559932 0.983441
vt 0.559890 0.971533
vt 0.565740 0.971533
vt 0.565782 0.983441
vt 0.559932 0.959573
vt 0.565782 0.959573
vt 0.658946 0.963755
vt 0.658753 0.951771
vt 0.664600 0.951769
vt 0.664793 0.963753
vt 0.658945 0.939879
vt 0.664793 0.939877
vt 0.977332 0.142760
vt 0.977230 0.132161
vt 0.983161 0.132190
vt 0.983264 0.142788
vt 0.977332 0.119222
vt 0.983264 0.119250
vt 0.834832 0.979137
vt 0.840681 0.979136
vt 0.213845 0.986614
vt 0.213999 0.977139
vt 0.221969 0.977136
vt 0.221816 0.986611
vt 0.102042 0.963138
vt 0.098995 0.964397
vt 0.102042 0.975521
vt 0.098996 0.974263
vt 0.093263 0.984277
vt 0.092001 0.981239
vt 0.080847 0.984277
vt 0.082109 0.981239
vt 0.072068 0.975521
vt 0.075114 0.974263
vt 0.072068 0.963138
vt 0.075114 0.964397
vt 0.723660 0.963592
vt 0.728606 0.975501
vt 0.716665 0.980434
vt 0.716665 0.970568
vt 0.938341 0.478913
vt 0.938259 0.470469
vt 0.946344 0.470508
vt 0.946426 0.478952
vt 0.938341 0.460160
vt 0.946426 0.460199
vt 0.317975 0.998124
vt 0.317859 0.988585
vt 0.325831 0.988584
vt 0.325947 0.998122
vt 0.317975 0.979104
vt 0.325947 0.979102
vt 0.306620 0.998121
vt 0.306586 0.988634
vt 0.314560 0.988634
vt 0.314593 0.998121
vt 0.306620 0.979104
vt 0.314593 0.979105
vt 0.213999 0.996162
vt 0.221969 0.996159
vt 0.494576 0.926657
vt 0.557243 0.926657
vt 0.557243 0.937126
vt 0.494576 0.937127
vt 0.482832 0.926658
vt 0.482832 0.937127
vt 0.869438 0.477606
vt 0.857700 0.477602
vt 0.857700 0.467127
vt 0.869438 0.467132
vt 0.121508 0.916565
vt 0.121508 0.979398
vt 0.115550 0.979398
vt 0.115550 0.912856
vt 0.985878 0.355511
vt 0.979837 0.355482
vt 0.979837 0.293179
vt 0.985878 0.289550
vt 0.708199 0.926726
vt 0.708199 0.937198
vt 0.702242 0.937199
vt 0.702242 0.926728
vt 0.791370 0.477575
vt 0.791370 0.467100
vt 0.048795 0.830537
vt 0.048795 0.768573
vt 0.054836 0.764944
vt 0.054836 0.830566
vt 0.665190 0.964929
vt 0.665190 0.976156
vt 0.658651 0.976121
vt 0.658651 0.964894
vt 0.979971 0.974003
vt 0.979404 0.987325
vt 0.970454 0.988322
vt 0.970247 0.981887
vt 0.155937 0.872712
vt 0.166147 0.880781
vt 0.153459 0.882815
vt 0.514306 0.941889
vt 0.526909 0.939094
vt 0.526981 0.959116
vt 0.514592 0.961194
vt 0.538332 0.941027
vt 0.538691 0.959167
vt 0.158268 0.891278
vt 0.984100 0.272527
vt 0.976264 0.275285
vt 0.976801 0.265577
vt 0.984714 0.261158
vt 0.175758 0.867724
vt 0.164921 0.867379
vt 0.170035 0.868659
vt 0.154268 0.895866
vt 0.151739 0.890942
vt 0.157539 0.881751
vt 0.157901 0.891352
vt 0.173214 0.857127
vt 0.163766 0.854762
vt 0.161322 0.898052
vt 0.157490 0.896865
vt 0.159422 0.894535
vt 0.160165 0.901835
vt 0.158959 0.900855
vt 0.157785 0.899884
vt 0.542855 0.981354
vt 0.530417 0.982839
vt 0.533745 0.964530
vt 0.545531 0.963642
vt 0.159217 0.863802
vt 0.154452 0.852335
vt 0.175617 0.852105
vt 0.171632 0.864899
vt 0.517952 0.980817
vt 0.521005 0.963760
vt 0.150312 0.879880
vt 0.142653 0.869816
vt 0.538406 0.980749
vt 0.526334 0.982100
vt 0.147398 0.864802
vt 0.142587 0.883284
vt 0.546337 0.958596
vt 0.546573 0.977412
vt 0.514306 0.982892
vt 0.974175 0.646458
vt 0.961775 0.644149
vt 0.961723 0.632135
vt 0.974769 0.635235
vt 0.978223 0.650603
vt 0.978646 0.643726
vt 0.154813 0.901446
vt 0.546573 0.944158
vt 0.156982 0.903239
vt 0.163509 0.890908
vt 0.162480 0.894270
vt 0.152040 0.899338
vt 0.509138 0.975503
vt 0.511663 0.961743
vt 0.149082 0.896922
vt 0.142120 0.892632
vt 0.159183 0.905042
vt 0.977789 0.657624
vt 0.973561 0.657740
vt 0.974175 0.666178
vt 0.970408 0.662819
vt 0.969029 0.657693
vt 0.970408 0.651330
vt 0.959156 0.657870
vt 0.965351 0.652040
vt 0.963327 0.657806
vt 0.059593 0.982570
vt 0.060549 0.969715
vt 0.069986 0.976613
vt 0.069778 0.983245
vt 0.166464 0.881485
vt 0.861152 0.904295
vt 0.861490 0.897707
vt 0.867599 0.898081
vt 0.867599 0.904285
vt 0.854400 0.902741
vt 0.855120 0.898421
vt 0.059753 0.993851
vt 0.069986 0.989561
vt 0.853076 0.897466
vt 0.853076 0.906277
vt 0.841495 0.904374
vt 0.842597 0.899525
vt 0.979971 0.998235
vt 0.970708 0.994523
vt 0.658309 0.981487
vt 0.658309 0.993933
vt 0.649356 0.990131
vt 0.649364 0.982920
vt 0.327685 0.982141
vt 0.332337 0.980840
vt 0.332267 0.989337
vt 0.327513 0.987034
vt 0.987839 0.657280
vt 0.983357 0.657573
vt 0.983613 0.652832
vt 0.987996 0.654350
vt 0.983863 0.648144
vt 0.988153 0.651451
vt 0.338255 0.981153
vt 0.338255 0.997987
vt 0.163222 0.901570
vt 0.161709 0.901707
vt 0.994857 0.185246
vt 0.994133 0.196403
vt 0.984877 0.190455
vt 0.482099 0.981738
vt 0.482488 0.959191
vt 0.494690 0.960750
vt 0.494550 0.983061
vt 0.506193 0.960872
vt 0.505760 0.981514
vt 0.995546 0.137720
vt 0.985799 0.129971
vt 0.986017 0.123532
vt 0.994990 0.124419
vt 0.994857 0.206421
vt 0.985512 0.199030
vt 0.176548 0.873433
vt 0.179287 0.877910
vt 0.168376 0.900239
vt 0.167896 0.894450
vt 0.173695 0.886758
vt 0.173357 0.897642
vt 0.186385 0.866782
vt 0.191447 0.875055
vt 0.165154 0.899240
vt 0.545531 0.941347
vt 0.533291 0.939875
vt 0.182509 0.871021
vt 0.192986 0.864279
vt 0.520628 0.940809
vt 0.180895 0.889359
vt 0.192986 0.885417
vt 0.493956 0.939456
vt 0.505804 0.941283
vt 0.186623 0.893559
vt 0.170267 0.903577
vt 0.167825 0.893347
vt 0.176809 0.888013
vt 0.513772 0.946201
vt 0.513659 0.962664
vt 0.482099 0.939483
vt 0.974769 0.674556
vt 0.961723 0.677568
vt 0.961775 0.668699
vt 0.978223 0.662631
vt 0.978646 0.667493
vt 0.164807 0.904543
vt 0.513772 0.980471
vt 0.162011 0.904797
vt 0.164859 0.896221
vt 0.511313 0.942982
vt 0.984714 0.286299
vt 0.965351 0.662284
vt 0.172374 0.904141
vt 0.180655 0.904576
vt 0.756843 0.993708
vt 0.760355 0.982684
vt 0.764971 0.982132
vt 0.764971 0.994635
vt 0.185709 0.853586
vt 0.501711 0.957864
vt 0.501497 0.948071
vt 0.985567 0.990171
vt 0.984620 0.985183
vt 0.991493 0.985184
vt 0.992816 0.989912
vt 0.988274 0.995312
vt 0.993013 0.995037
vt 0.059701 0.970786
vt 0.069961 0.975028
vt 0.069766 0.981366
vt 0.059563 0.982101
vt 0.069961 0.987951
vt 0.060502 0.994880
vt 0.986266 0.117357
vt 0.995546 0.113559
vt 0.993013 0.974775
vt 0.981106 0.974582
vt 0.928589 0.458957
vt 0.928445 0.453321
vt 0.932815 0.449279
vt 0.932869 0.458673
vt 0.987996 0.659481
vt 0.983613 0.661128
vt 0.988153 0.661650
vt 0.983863 0.664630
vt 0.938302 0.438811
vt 0.938302 0.456599
vt 0.970225 0.651684
vt 0.965466 0.652351
vt 0.968928 0.657672
vt 0.859900 0.989124
vt 0.861515 0.983752
vt 0.866700 0.986340
vt 0.865861 0.989130
vt 0.988690 0.429847
vt 0.988690 0.435179
vt 0.982725 0.434820
vt 0.982725 0.432050
vt 0.965466 0.661993
vt 0.970225 0.662496
vt 0.963561 0.657778
vt 0.787772 0.586516
vt 0.788434 0.588979
vt 0.786005 0.588723
vt 0.785032 0.586571
vt 0.786005 0.583800
vt 0.788434 0.583459
vt 0.985312 0.425802
vt 0.980971 0.429950
vt 0.861515 0.994559
vt 0.866700 0.991953
vt 0.480983 0.907116
vt 0.480983 0.912420
vt 0.476156 0.910076
vt 0.476156 0.907322
vt 0.066277 0.975206
vt 0.066277 0.979800
vt 0.060703 0.979561
vt 0.060703 0.977176
vt 0.480791 0.534870
vt 0.480791 0.587143
vt 0.477708 0.587133
vt 0.477708 0.534860
vt 0.480872 0.568063
vt 0.480872 0.604851
vt 0.477797 0.604816
vt 0.477797 0.568028
vt 0.480975 0.480415
vt 0.480975 0.529527
vt 0.477694 0.529481
vt 0.477694 0.480369
vt 0.478056 0.611412
vt 0.478056 0.574601
vt 0.481129 0.574647
vt 0.481129 0.611458
vt 0.788242 0.860250
vt 0.788242 0.914477
vt 0.750262 0.914517
vt 0.750262 0.860289
vt 0.787498 0.860206
vt 0.787498 0.914447
vt 0.749528 0.914447
vt 0.749528 0.860206
vt 0.477745 0.533970
vt 0.480753 0.480395
vt 0.480753 0.533976
vt 0.480836 0.529114
vt 0.480836 0.566780
vt 0.477833 0.566761
vt 0.477833 0.529095
vt 0.480815 0.638516
vt 0.477683 0.638486
vt 0.477683 0.587020
vt 0.481094 0.535667
vt 0.481094 0.573348
vt 0.478092 0.573323
vt 0.478092 0.535643
vt 0.711984 0.913196
vt 0.711984 0.858976
vt 0.749969 0.858945
vt 0.749969 0.913164
vt 0.712176 0.913361
vt 0.712176 0.859120
vt 0.750145 0.859120
vt 0.750145 0.913361
vt 0.048795 0.842149
vt 0.054836 0.842178
vt 0.048837 0.696312
vt 0.048837 0.684536
vt 0.054794 0.684537
vt 0.054794 0.696312
vt 0.869438 0.012494
vt 0.857700 0.012489
vt 0.857700 0.002022
vt 0.869438 0.002027
vt 0.708199 0.472239
vt 0.702242 0.472241
vt 0.702242 0.461777
vt 0.708199 0.461776
vt 0.494576 0.472262
vt 0.482832 0.472263
vt 0.482832 0.461802
vt 0.494576 0.461801
vt 0.941227 0.001989
vt 0.947183 0.001987
vt 0.947183 0.456546
vt 0.941228 0.456548
vt 0.840784 0.991531
vt 0.834245 0.991496
vt 0.834245 0.980278
vt 0.840784 0.980313
vt 0.791026 0.012462
vt 0.791026 0.001995
vt 0.557587 0.461801
vt 0.557587 0.472262
vt 0.054794 0.763198
vt 0.048837 0.759489
vt 0.339177 0.963270
vt 0.339177 0.980465
vt 0.328730 0.980589
vt 0.328730 0.963394
vt 0.055329 0.964066
vt 0.055329 0.981505
vt 0.044037 0.981470
vt 0.044037 0.964030
vt 0.034789 0.981604
vt 0.034789 0.964164
vt 0.936908 0.460480
vt 0.936908 0.477672
vt 0.926530 0.477500
vt 0.926530 0.460308
vt 0.916072 0.477665
vt 0.916072 0.460473
vt 0.777130 0.963321
vt 0.777130 0.980519
vt 0.766693 0.980483
vt 0.766693 0.963284
vt 0.868704 0.963378
vt 0.868704 0.974184
vt 0.865121 0.972704
vt 0.865121 0.964858
vt 0.349562 0.963399
vt 0.349562 0.980594
vt 0.756302 0.980520
vt 0.756302 0.963322
vt 0.001009 0.963703
vt 0.008646 0.956034
vt 0.019447 0.956029
vt 0.027084 0.963691
vt 0.027084 0.974531
vt 0.019447 0.982200
vt 0.008646 0.982205
vt 0.001009 0.974543
vt 0.785075 0.487867
vt 0.785167 0.480327
vt 0.787336 0.480326
vt 0.787244 0.487867
vt 0.861043 0.981825
vt 0.859559 0.978252
vt 0.850208 0.981825
vt 0.851692 0.978252
vt 0.842547 0.974184
vt 0.846130 0.972704
vt 0.842547 0.963378
vt 0.846130 0.964858
vt 0.850208 0.955737
vt 0.851692 0.959310
vt 0.861043 0.955737
vt 0.859559 0.959310
vt 0.320199 0.958535
vt 0.325761 0.964083
vt 0.323831 0.964881
vt 0.319399 0.960460
vt 0.785103 0.511963
vt 0.785076 0.504418
vt 0.787246 0.504418
vt 0.787273 0.511963
vt 0.785103 0.496840
vt 0.787273 0.496840
vt 0.477840 0.777713
vt 0.477718 0.770120
vt 0.479887 0.770119
vt 0.480009 0.777712
vt 0.477840 0.762585
vt 0.480009 0.762584
vt 0.785125 0.541711
vt 0.785060 0.534996
vt 0.787260 0.535007
vt 0.787325 0.541722
vt 0.785125 0.526798
vt 0.787325 0.526808
vt 0.785167 0.495452
vt 0.787336 0.495452
vt 0.785061 0.519406
vt 0.785158 0.513403
vt 0.788115 0.513402
vt 0.788018 0.519405
vt 0.325761 0.971929
vt 0.323831 0.971132
vt 0.320199 0.977477
vt 0.319399 0.975552
vt 0.312332 0.977477
vt 0.313132 0.975552
vt 0.306770 0.971929
vt 0.308700 0.971131
vt 0.306770 0.964083
vt 0.308700 0.964881
vt 0.312332 0.958535
vt 0.313132 0.960460
vt 0.963605 0.679050
vt 0.966739 0.686596
vt 0.959173 0.689722
vt 0.959173 0.683470
vt 0.785093 0.581956
vt 0.785041 0.576605
vt 0.788040 0.576620
vt 0.788092 0.581970
vt 0.785093 0.570073
vt 0.788092 0.570088
vt 0.785135 0.555116
vt 0.785062 0.549073
vt 0.788019 0.549072
vt 0.788092 0.555115
vt 0.785135 0.543065
vt 0.788092 0.543064
vt 0.785084 0.568657
vt 0.785063 0.562647
vt 0.788020 0.562647
vt 0.788042 0.568658
vt 0.785084 0.556609
vt 0.788042 0.556609
vt 0.785158 0.525456
vt 0.788115 0.525455
vt 0.986747 0.000523
vt 0.986747 0.055610
vt 0.982672 0.055560
vt 0.982672 0.000473
vt 0.988245 0.833933
vt 0.988245 0.790025
vt 0.992162 0.790044
vt 0.992162 0.833952
vt 0.970913 0.298526
vt 0.970913 0.355636
vt 0.963710 0.355699
vt 0.963710 0.298589
vt 0.640057 0.986491
vt 0.642379 0.983009
vt 0.645662 0.982274
vt 0.647984 0.984717
vt 0.647984 0.988907
vt 0.645662 0.992389
vt 0.642379 0.993124
vt 0.640057 0.990681
vt 0.707235 0.939863
vt 0.707235 0.981735
vt 0.702140 0.981794
vt 0.702140 0.939922
vt 0.982964 0.478324
vt 0.982964 0.539043
vt 0.976777 0.539008
vt 0.976777 0.478289
vt 0.243549 0.928692
vt 0.243549 0.986459
vt 0.240399 0.986444
vt 0.240399 0.928677
vt 0.712301 0.939926
vt 0.712301 0.981798
vt 0.972068 0.539096
vt 0.972068 0.478377
vt 0.349183 0.990477
vt 0.346297 0.994806
vt 0.342214 0.995720
vt 0.339328 0.992683
vt 0.339328 0.987474
vt 0.342214 0.983145
vt 0.346297 0.982231
vt 0.349183 0.985268
vt 0.991618 -0.000729
vt 0.991618 0.043796
vt 0.988290 0.043858
vt 0.988290 -0.000667
vt 0.200666 0.905598
vt 0.200666 0.962699
vt 0.193498 0.962611
vt 0.193498 0.905510
vt 0.996054 0.790025
vt 0.996054 0.833933
vt 0.995991 -0.000704
vt 0.995991 0.043821
vt 0.186289 0.962694
vt 0.186289 0.905593
vt 0.184269 0.948975
vt 0.184269 0.990853
vt 0.179200 0.990807
vt 0.179200 0.948928
vt 0.174109 0.990851
vt 0.174109 0.948973
vt 0.964738 0.115870
vt 0.964738 0.055992
vt 0.970280 0.056018
vt 0.970280 0.115897
vt 0.973733 0.446101
vt 0.970844 0.436565
vt 0.977819 0.434440
vt 0.977819 0.441806
vt 0.978084 0.298592
vt 0.978084 0.355702
vt 0.975788 0.055991
vt 0.975788 0.115869
vt 0.978574 0.055607
vt 0.978574 0.000520
vt 0.874427 0.992873
vt 0.871539 0.988546
vt 0.871539 0.983340
vt 0.874427 0.980304
vt 0.878512 0.981217
vt 0.881400 0.985543
vt 0.881400 0.990749
vt 0.878512 0.993785
vt 0.382496 0.972179
vt 0.386580 0.966053
vt 0.392356 0.964760
vt 0.396440 0.969057
vt 0.396440 0.976427
vt 0.392356 0.982552
vt 0.386580 0.983845
vt 0.382496 0.979548
vt 0.989544 0.738354
vt 0.989544 0.679778
vt 0.992221 0.679728
vt 0.992221 0.738304
vt 0.237267 0.986459
vt 0.237267 0.928693
vt 0.986027 0.738334
vt 0.986027 0.679757
vt 0.121593 0.856166
vt 0.121593 0.911262
vt 0.117516 0.911224
vt 0.117516 0.856128
vt 0.113421 0.911260
vt 0.113421 0.856164
vt 0.891350 0.984511
vt 0.887384 0.985719
vt 0.885742 0.980298
vt 0.889027 0.981031
vt 0.982556 0.833063
vt 0.982556 0.777976
vt 0.986655 0.777929
vt 0.986655 0.833016
vt 0.993716 0.298814
vt 0.993716 0.357390
vt 0.990199 0.357370
vt 0.990199 0.298793
vt 0.625729 0.988907
vt 0.623407 0.992389
vt 0.620124 0.993124
vt 0.617802 0.990681
vt 0.617802 0.986492
vt 0.620123 0.983009
vt 0.623407 0.982274
vt 0.625729 0.984717
vt 0.992047 0.204242
vt 0.992047 0.262008
vt 0.988897 0.261993
vt 0.988897 0.204227
vt 0.987521 0.357420
vt 0.987521 0.298844
vt 0.978481 0.833013
vt 0.978481 0.777926
vt 0.985766 0.262008
vt 0.985766 0.204242
vt 0.589926 0.815708
vt 0.589926 0.870803
vt 0.585831 0.870839
vt 0.585831 0.815743
vt 0.976266 0.689939
vt 0.980232 0.688731
vt 0.981874 0.694152
vt 0.978589 0.693419
vt 0.594003 0.815745
vt 0.594003 0.870841
vt 0.351215 0.963308
vt 0.359418 0.963305
vt 0.359239 0.978325
vt 0.351036 0.978328
vt 0.960147 0.622616
vt 0.960147 0.607214
vt 0.962919 0.608058
vt 0.962919 0.620530
vt 0.990715 0.873498
vt 0.999317 0.873499
vt 0.999261 0.885110
vt 0.990659 0.885110
vt 0.359418 0.993431
vt 0.351215 0.993434
vt 0.227034 0.989566
vt 0.235757 0.989608
vt 0.235893 0.999476
vt 0.227170 0.999434
vt 0.999317 0.896652
vt 0.990715 0.896652
vt 0.227170 0.976601
vt 0.235893 0.976643
vt 0.989500 0.356857
vt 0.997705 0.356855
vt 0.997570 0.371883
vt 0.989366 0.371885
vt 0.997705 0.386976
vt 0.989500 0.386978
vt 0.697315 0.927206
vt 0.682736 0.931647
vt 0.676697 0.911717
vt 0.688775 0.914414
vt 0.839585 0.825295
vt 0.839477 0.837463
vt 0.834879 0.837464
vt 0.834988 0.825296
vt 0.968682 0.631596
vt 0.969830 0.627802
vt 0.980753 0.628894
vt 0.979605 0.625614
vt 0.968682 0.594412
vt 0.969831 0.597693
vt 0.989288 0.600690
vt 0.989288 0.616092
vt 0.986516 0.615248
vt 0.986516 0.602776
vt 0.980753 0.591710
vt 0.979605 0.595505
vt 0.963885 0.369739
vt 0.970796 0.359373
vt 0.980570 0.357185
vt 0.987482 0.364457
vt 0.987482 0.376928
vt 0.980570 0.387294
vt 0.970796 0.389482
vt 0.963885 0.382211
vt 0.839588 0.879685
vt 0.839634 0.889030
vt 0.834814 0.889030
vt 0.834768 0.879684
vt 0.839634 0.870282
vt 0.834814 0.870282
vt 0.839585 0.849685
vt 0.834988 0.849686
vt 0.141160 0.807497
vt 0.141015 0.819660
vt 0.136419 0.819661
vt 0.136563 0.807499
vt 0.141244 0.897292
vt 0.141134 0.907790
vt 0.136247 0.907766
vt 0.136357 0.897268
vt 0.141160 0.831891
vt 0.136563 0.831893
vt 0.141244 0.915781
vt 0.136357 0.915757
vt 0.585920 0.906125
vt 0.585920 0.872354
vt 0.593338 0.872355
vt 0.593338 0.906125
vt 0.991892 0.480690
vt 0.991892 0.526745
vt 0.984475 0.526746
vt 0.984475 0.480691
vt 0.993606 0.836699
vt 0.993606 0.870003
vt 0.986084 0.869967
vt 0.986084 0.836662
vt 0.985978 0.185394
vt 0.985978 0.139332
vt 0.993393 0.139330
vt 0.993393 0.185392
vt 0.396396 0.962713
vt 0.362733 0.962699
vt 0.362733 0.916629
vt 0.396396 0.916643
vt 0.835003 0.907608
vt 0.868685 0.907608
vt 0.868685 0.953654
vt 0.835003 0.953654
vt 0.668157 0.936088
vt 0.668157 0.920694
vt 0.688775 0.951577
vt 0.676697 0.948880
vt 0.697315 0.942600
vt 0.883419 0.986927
vt 0.883419 0.982740
vt 0.889027 0.991141
vt 0.885742 0.990407
vt 0.891350 0.988699
vt 0.839472 0.890382
vt 0.839472 0.903181
vt 0.835272 0.903181
vt 0.835272 0.890382
vt 0.949133 0.074520
vt 0.958948 0.001287
vt 0.963146 0.001286
vt 0.963146 0.074514
vt 0.750514 0.929104
vt 0.750514 0.916482
vt 0.754772 0.916503
vt 0.754772 0.929124
vt 0.949035 0.851972
vt 0.958852 0.778752
vt 0.963051 0.778751
vt 0.963051 0.851969
vt 0.961897 0.372583
vt 0.949132 0.372583
vt 0.949132 0.299381
vt 0.961897 0.299381
vt 0.949100 0.223630
vt 0.961915 0.223636
vt 0.962381 0.297121
vt 0.949565 0.297116
vt 0.949565 0.149975
vt 0.962381 0.149980
vt 0.961897 0.445785
vt 0.949133 0.445785
vt 0.958852 0.925187
vt 0.963051 0.925186
vt 0.958948 0.147745
vt 0.963146 0.147743
vt 0.070062 0.684776
vt 0.070062 0.868189
vt 0.058461 0.868191
vt 0.058461 0.684779
vt 0.143162 0.481105
vt 0.199241 0.481105
vt 0.199241 0.664480
vt 0.143162 0.664480
vt 0.978589 0.683309
vt 0.981874 0.684043
vt 0.984197 0.687523
vt 0.976619 0.778544
vt 0.976619 0.834772
vt 0.965017 0.834771
vt 0.965017 0.778544
vt 0.958152 0.480999
vt 0.958152 0.664440
vt 0.946554 0.664444
vt 0.946554 0.481003
vt 0.984197 0.691710
vt 0.199195 0.850738
vt 0.143146 0.850715
vt 0.143146 0.667241
vt 0.199195 0.667264
vt 0.976266 0.685751
vt 0.141160 0.755745
vt 0.141015 0.767908
vt 0.136419 0.767909
vt 0.136563 0.755747
vt 0.985468 0.585788
vt 0.985468 0.539726
vt 0.992883 0.539723
vt 0.992883 0.585785
vt 0.398426 0.967625
vt 0.405338 0.957259
vt 0.415112 0.955071
vt 0.422023 0.962343
vt 0.422023 0.974814
vt 0.415112 0.985180
vt 0.405338 0.987368
vt 0.398426 0.980096
vt 0.839634 0.850797
vt 0.839588 0.860200
vt 0.834768 0.860199
vt 0.834814 0.850797
vt 0.141134 0.888769
vt 0.141244 0.896760
vt 0.136357 0.896736
vt 0.136247 0.888745
vt 0.955150 0.711675
vt 0.963686 0.698873
vt 0.964834 0.702153
vt 0.957923 0.712519
vt 0.981717 0.973603
vt 0.981717 0.927548
vt 0.989134 0.927546
vt 0.989134 0.973601
vt 0.636263 0.940387
vt 0.648340 0.943084
vt 0.656880 0.955876
vt 0.642301 0.960317
vt 0.627723 0.964758
vt 0.627723 0.949364
vt 0.839634 0.869545
vt 0.834814 0.869545
vt 0.984292 0.720553
vt 0.975757 0.733355
vt 0.974608 0.730074
vt 0.981520 0.719709
vt 0.963686 0.736057
vt 0.964834 0.732262
vt 0.955150 0.727077
vt 0.957923 0.724991
vt 0.593414 0.957974
vt 0.559750 0.957960
vt 0.559750 0.911890
vt 0.593414 0.911904
vt 0.141244 0.878271
vt 0.136357 0.878248
vt 0.987721 0.299215
vt 0.987721 0.265911
vt 0.995243 0.265947
vt 0.995243 0.299251
vt 0.141050 0.845543
vt 0.141159 0.857765
vt 0.136562 0.857766
vt 0.136453 0.845544
vt 0.431415 0.955084
vt 0.431415 0.988855
vt 0.423997 0.988855
vt 0.423997 0.955084
vt 0.203692 0.976601
vt 0.212415 0.976643
vt 0.212279 0.989608
vt 0.203556 0.989566
vt 0.989501 0.391200
vt 0.997705 0.391198
vt 0.997571 0.406226
vt 0.989366 0.406227
vt 0.997705 0.421319
vt 0.989501 0.421321
vt 0.141159 0.833375
vt 0.136562 0.833376
vt 0.975756 0.696171
vt 0.974608 0.699965
vt 0.648340 0.980247
vt 0.636263 0.977550
vt 0.984292 0.705151
vt 0.981520 0.707237
vt 0.212415 0.999476
vt 0.203692 0.999434
vt 0.990715 0.901885
vt 0.999317 0.901886
vt 0.999261 0.913498
vt 0.990659 0.913497
vt 0.999317 0.925039
vt 0.990715 0.925039
vt 0.780016 0.978340
vt 0.788219 0.978337
vt 0.788398 0.993442
vt 0.780195 0.993445
vt 0.780195 0.963319
vt 0.788398 0.963316
vt 0.919417 0.696198
vt 0.953099 0.696198
vt 0.953099 0.742243
vt 0.919417 0.742243
vt 0.656880 0.971270
vt 0.141160 0.780139
vt 0.136563 0.780141
vt 0.965029 0.056149
vt 0.965029 0.000699
vt 0.976794 0.000755
vt 0.976794 0.056205
vt 0.105564 0.965678
vt 0.104788 0.952910
vt 0.108711 0.952928
vt 0.108703 0.965693
vt 0.552784 0.969598
vt 0.552794 0.981736
vt 0.547694 0.981795
vt 0.548703 0.969645
vt 0.556842 0.969648
vt 0.557865 0.981799
vt 0.776754 0.990406
vt 0.773867 0.994735
vt 0.769785 0.995649
vt 0.766898 0.992612
vt 0.766899 0.987403
vt 0.769785 0.983074
vt 0.773867 0.982160
vt 0.776754 0.985197
vt 0.992215 0.759540
vt 0.992572 0.746613
vt 0.995905 0.746550
vt 0.994882 0.759490
vt 0.112609 0.952909
vt 0.111822 0.965678
vt 0.988710 0.759520
vt 0.988192 0.746588
vt 0.990184 0.466317
vt 0.991205 0.478476
vt 0.986131 0.478429
vt 0.986124 0.466280
vt 0.981036 0.478474
vt 0.982046 0.466315
vt 0.903424 0.985462
vt 0.898237 0.987048
vt 0.896077 0.979942
vt 0.900381 0.980903
vt 0.986131 0.453351
vt 0.981048 0.453396
vt 0.991192 0.453398
vt 0.988199 0.773264
vt 0.992567 0.773289
vt 0.108711 0.979236
vt 0.112599 0.979216
vt 0.995892 0.773226
vt 0.557852 0.956724
vt 0.552794 0.956662
vt 0.547707 0.956721
vt 0.104798 0.979217
vt 0.104788 0.996880
vt 0.108711 0.996899
vt 0.552794 0.939826
vt 0.547694 0.939885
vt 0.557865 0.939888
vt 0.992572 0.791200
vt 0.995905 0.791138
vt 0.112609 0.996880
vt 0.988192 0.791175
vt 0.991205 0.436559
vt 0.986131 0.436513
vt 0.981036 0.436557
vt 0.893033 0.988627
vt 0.893033 0.983141
vt 0.900381 0.994147
vt 0.896077 0.993186
vt 0.903424 0.990948
vt 0.975436 0.148149
vt 0.971458 0.147063
vt 0.971490 0.143222
vt 0.975470 0.143992
vt 0.968089 0.143977
vt 0.968114 0.141038
vt 0.965841 0.139362
vt 0.965854 0.137771
vt 0.971513 0.133936
vt 0.975495 0.133941
vt 0.968131 0.133930
vt 0.965864 0.133925
vt 0.971513 0.124644
vt 0.975495 0.123884
vt 0.968131 0.126819
vt 0.965864 0.130076
vt 0.971491 0.120790
vt 0.975470 0.119712
vt 0.968114 0.123869
vt 0.965854 0.128479
vt 0.974626 0.290474
vt 0.970652 0.289387
vt 0.970695 0.285550
vt 0.974672 0.286321
vt 0.967287 0.286302
vt 0.967319 0.283365
vt 0.965042 0.281688
vt 0.965060 0.280099
vt 0.970725 0.276268
vt 0.974705 0.276275
vt 0.967343 0.276261
vt 0.965072 0.276254
vt 0.970725 0.266980
vt 0.974705 0.266221
vt 0.967342 0.269152
vt 0.965072 0.272407
vt 0.354585 0.433542
vt 0.355169 0.427729
vt 0.355169 0.431882
vt 0.965056 0.133920
vt 0.355169 0.436682
vt 0.355169 0.440832
vt 0.354585 0.435021
vt 0.354345 0.436765
vt 0.964260 0.276248
vt 0.970695 0.263125
vt 0.974672 0.262048
vt 0.967319 0.266202
vt 0.965060 0.270810
vt 0.354345 0.431798
vt 0.733552 0.987410
vt 0.723660 0.987410
vt 0.740547 0.970568
vt 0.740547 0.980434
vt 0.733552 0.963592
vt 0.969872 0.694142
vt 0.963605 0.694142
vt 0.974304 0.683470
vt 0.974304 0.689722
vt 0.969872 0.679050
vt 0.028426 0.930101
vt 0.028426 0.936178
vt 0.018024 0.925803
vt 0.024118 0.925803
vt 0.013715 0.930101
vt 0.014344 0.936043
vt 0.018610 0.940298
vt 0.014344 0.930026
vt 0.018610 0.925771
vt 0.024643 0.925771
vt 0.027158 0.946876
vt 0.020950 0.931929
vt 0.035937 0.925737
vt 0.035937 0.938120
vt 0.005963 0.938120
vt 0.014742 0.946876
vt 0.005963 0.925737
vt 0.014743 0.916981
vt 0.027158 0.916981
vt 0.963868 0.438690
vt 0.967954 0.444810
vt 0.963868 0.431324
vt 0.967954 0.427029
vt 0.973733 0.428319
vt 0.141160 0.781621
vt 0.141015 0.793784
vt 0.136419 0.793785
vt 0.136563 0.781623
vt 0.963885 0.404082
vt 0.970796 0.393716
vt 0.980570 0.391528
vt 0.987482 0.398800
vt 0.987482 0.411271
vt 0.980570 0.421637
vt 0.970796 0.423825
vt 0.963885 0.416553
vt 0.141207 0.858877
vt 0.141162 0.868280
vt 0.136342 0.868279
vt 0.136387 0.858877
vt 0.141134 0.926811
vt 0.141244 0.934802
vt 0.136357 0.934778
vt 0.136247 0.926787
vt 0.172228 0.973759
vt 0.163693 0.986560
vt 0.162544 0.983280
vt 0.169456 0.972914
vt 0.605056 0.940387
vt 0.617134 0.943084
vt 0.625674 0.955876
vt 0.611095 0.960317
vt 0.596516 0.964758
vt 0.596516 0.949364
vt 0.141207 0.877625
vt 0.136387 0.877625
vt 0.143087 0.964880
vt 0.151622 0.952078
vt 0.152770 0.955359
vt 0.145859 0.965725
vt 0.163693 0.949376
vt 0.162544 0.953171
vt 0.172228 0.958357
vt 0.169456 0.960442
vt 0.141244 0.916313
vt 0.136357 0.916289
vt 0.839477 0.811588
vt 0.839585 0.823809
vt 0.834988 0.823810
vt 0.834879 0.811589
vt 0.252081 0.976479
vt 0.260804 0.976521
vt 0.260668 0.989486
vt 0.251945 0.989444
vt 0.990379 0.057599
vt 0.998584 0.057597
vt 0.998449 0.072625
vt 0.990245 0.072626
vt 0.998584 0.087718
vt 0.990379 0.087720
vt 0.839585 0.799419
vt 0.834988 0.799420
vt 0.151622 0.989262
vt 0.152770 0.985468
vt 0.617134 0.980247
vt 0.605056 0.977550
vt 0.143087 0.980282
vt 0.145859 0.978196
vt 0.260804 0.999354
vt 0.252081 0.999312
vt 0.990103 0.088644
vt 0.998705 0.088645
vt 0.998649 0.100257
vt 0.990047 0.100256
vt 0.998705 0.111798
vt 0.990103 0.111798
vt 0.989058 0.648350
vt 0.997261 0.648346
vt 0.997439 0.663452
vt 0.989236 0.663455
vt 0.989236 0.633329
vt 0.997439 0.633326
vt 0.625674 0.971270
vt 0.141160 0.806015
vt 0.136563 0.806017
usemtl Material.001
s 1
f 1/1 2/2 4/3 3/4
f 3/5 4/6 6/7 5/8
f 5/8 6/7 8/9 7/10
f 7/11 8/12 10/13 9/14
f 9/14 10/13 12/15 11/16
f 11/17 12/18 14/19 13/20
f 2/21 16/22 24/23 17/24
f 15/25 16/26 2/2 1/1
f 13/20 14/19 16/27 15/28
f 1/29 3/30 5/31 7/32 9/33 11/34 13/35 15/36
f 17/37 24/38 32/39 25/40
f 16/22 14/41 23/42 24/23
f 14/41 12/43 22/44 23/42
f 12/43 10/45 21/46 22/44
f 10/45 8/47 20/48 21/46
f 8/47 6/49 19/50 20/48
f 6/49 4/51 18/52 19/50
f 4/51 2/21 17/24 18/52
f 24/53 23/54 31/55 32/56
f 23/54 22/57 30/58 31/55
f 22/59 21/60 29/61 30/62
f 21/60 20/63 28/64 29/61
f 20/65 19/66 27/67 28/68
f 19/66 18/69 26/70 27/67
f 18/71 17/37 25/40 26/72
f 37/73 38/74 34/75 33/76
f 42/77 35/78 51/79 54/80
f 39/81 40/82 36/83 35/84
f 40/85 37/86 33/87 36/88
f 34/89 41/90 53/91 50/92
f 37/93 40/93 76/93 73/93
f 43/94 44/95 42/96 41/97
f 39/81 35/84 42/98 44/99
f 43/100 38/74 45/101 47/102
f 34/75 38/74 43/100 41/103
f 45/104 46/105 48/106 47/107
f 39/81 44/99 48/108 46/109
f 44/95 43/94 47/110 48/111
f 38/112 39/113 46/114 45/115
f 54/116 51/117 57/118 60/119
f 50/120 53/121 59/122 56/123
f 41/90 42/77 54/80 53/91
f 36/124 33/125 49/126 52/127
f 35/78 36/124 52/127 51/79
f 33/125 34/89 50/92 49/126
f 60/128 57/129 63/130 66/131
f 56/132 59/133 65/134 62/135
f 53/136 54/137 60/138 59/139
f 52/140 49/141 55/142 58/143
f 51/117 52/144 58/145 57/118
f 49/146 50/120 56/123 55/147
f 66/148 63/149 69/150 72/151
f 62/152 65/153 71/154 68/155
f 59/133 60/128 66/131 65/134
f 58/156 55/157 61/158 64/159
f 57/129 58/156 64/159 63/130
f 55/157 56/132 62/135 61/158
f 69/160 68/161 71/162 72/163
f 67/164 68/161 69/160 70/165
f 65/166 66/167 72/168 71/169
f 64/170 61/171 67/172 70/173
f 63/149 64/174 70/175 69/150
f 61/176 62/152 68/155 67/177
f 76/178 75/179 74/180 73/181
f 40/93 39/93 75/93 76/93
f 39/93 38/93 74/93 75/93
f 38/93 37/93 73/93 74/93
f 85/182 82/183 78/184 86/185
f 82/186 83/187 79/188 78/189
f 93/190 94/191 100/192 99/193
f 84/194 81/195 77/196 80/197
f 86/198 78/199 79/200 88/201
f 87/202 83/203 82/204 85/205
f 84/206 87/202 85/205 81/207
f 77/208 86/198 88/201 80/209
f 83/210 87/211 88/212 79/213
f 81/214 85/182 86/185 77/215
f 91/216 90/217 89/218 92/219
f 95/220 93/221 92/222 89/223
f 96/224 95/225 89/226 90/227
f 94/228 96/229 90/230 91/231
f 87/202 84/206 96/229 94/228
f 84/194 80/197 95/225 96/224
f 80/209 88/201 93/221 95/220
f 88/232 87/233 94/234 93/235
f 99/236 100/237 97/238 98/239
f 92/222 93/221 99/240 98/241
f 94/228 91/231 97/242 100/243
f 91/216 92/219 98/244 97/245
f 122/246 121/247 129/248 130/249
f 110/250 108/251 119/252 120/253
f 103/254 104/255 106/256 105/257
f 123/258 122/259 130/260 131/261
f 112/262 110/263 120/264 121/247
f 105/265 106/266 108/251 107/267
f 120/253 119/252 127/268 128/269
f 114/270 112/262 121/247 122/246
f 107/267 108/251 110/250 109/271
f 119/252 101/272 125/273 127/268
f 116/274 114/275 122/259 123/258
f 109/276 110/263 112/262 111/277
f 125/278 126/279 134/280 133/281
f 118/282 116/274 123/258 124/283
f 111/277 112/262 114/270 113/284
f 106/256 104/255 102/285 101/286
f 101/286 102/285 126/279 125/278
f 113/287 114/275 116/274 115/288
f 104/255 118/289 124/290 102/285
f 117/291 118/289 104/255 103/254
f 115/288 116/274 118/282 117/292
f 121/247 120/264 128/293 129/248
f 108/251 106/266 101/272 119/252
f 103/294 105/295 107/296 109/297 111/298 113/299 115/300 117/301
f 124/283 123/258 131/261 132/302
f 102/285 124/290 132/303 126/279
f 133/281 134/280 142/304 141/305
f 127/268 125/273 133/306 135/307
f 128/269 127/268 135/307 136/308
f 129/248 128/293 136/309 137/310
f 130/249 129/248 137/310 138/311
f 131/261 130/260 138/312 139/313
f 132/302 131/261 139/313 140/314
f 126/279 132/303 140/315 134/280
f 146/316 145/317 746/318 147/319
f 135/307 133/306 141/320 143/321
f 136/308 135/307 143/321 144/322
f 137/310 136/309 144/323 145/324
f 138/311 137/310 145/324 146/325
f 139/313 138/312 146/326 147/327
f 140/314 139/313 147/327 148/328
f 134/280 140/315 148/329 142/304
f 149/330 150/331 152/332 151/333
f 151/334 152/335 154/336 153/337
f 153/337 154/336 156/338 155/339
f 155/340 156/341 158/342 157/343
f 157/343 158/342 160/344 159/345
f 159/346 160/347 162/348 161/349
f 150/350 164/351 172/352 165/353
f 163/354 164/355 150/331 149/330
f 161/349 162/348 164/356 163/357
f 149/358 151/359 153/360 155/361 157/362 159/363 161/364 163/365
f 165/366 172/367 180/368 173/369
f 164/351 162/370 171/371 172/352
f 162/370 160/372 170/373 171/371
f 160/372 158/374 169/375 170/373
f 158/374 156/376 168/377 169/375
f 156/376 154/378 167/379 168/377
f 154/378 152/380 166/381 167/379
f 152/380 150/350 165/353 166/381
f 179/382 747/383 173/384 180/385
f 172/386 171/387 179/388 180/389
f 171/387 170/390 178/391 179/388
f 170/392 169/393 177/394 178/395
f 169/393 168/396 176/397 177/394
f 168/398 167/399 175/400 176/401
f 167/399 166/402 174/403 175/400
f 166/404 165/366 173/369 174/405
f 185/406 186/407 182/408 181/409
f 186/410 187/411 183/412 182/413
f 187/414 188/415 184/416 183/417
f 188/418 185/419 181/420 184/421
f 181/422 182/423 183/424 184/425
f 185/426 188/427 192/428 189/429
f 189/430 192/431 196/432 193/433
f 188/427 187/434 191/435 192/428
f 187/434 186/436 190/437 191/435
f 186/436 185/426 189/429 190/437
f 196/438 195/439 194/440 193/441
f 192/442 191/443 195/444 196/445
f 191/446 190/447 194/448 195/449
f 190/450 189/451 193/452 194/453
f 201/454 202/455 198/456 197/457
f 202/458 203/459 199/460 198/461
f 203/462 204/463 200/464 199/465
f 204/466 201/467 197/468 200/469
f 197/470 198/461 199/460 200/471
f 204/472 203/473 202/474 201/475
f 213/476 214/477 206/478 205/479
f 214/480 215/481 207/482 206/483
f 216/484 213/485 205/486 208/487
f 205/488 206/489 207/490 208/491
f 212/492 211/493 210/494 209/495
f 212/496 209/497 213/485 216/484
f 211/498 212/499 216/500 215/501
f 210/502 211/503 215/481 214/480
f 209/504 210/505 214/477 213/476
f 225/506 226/507 218/508 217/509
f 226/510 227/511 219/512 218/513
f 227/514 228/515 220/516 219/517
f 228/518 225/519 217/520 220/521
f 217/522 218/523 219/524 220/525
f 224/526 223/527 222/528 221/529
f 224/530 221/531 225/519 228/518
f 223/532 224/533 228/515 227/514
f 222/534 223/535 227/511 226/510
f 221/536 222/537 226/538 225/539
f 215/540 216/541 225/542 226/543
f 216/484 208/487 217/544 225/545
f 208/491 207/490 218/546 217/547
f 207/482 215/481 226/548 218/549
f 237/550 238/551 230/552 229/553
f 238/554 239/555 231/556 230/557
f 240/558 237/559 229/560 232/561
f 229/562 230/563 231/564 232/565
f 236/566 235/567 234/568 233/569
f 236/570 233/571 237/559 240/558
f 235/572 236/573 240/574 239/575
f 234/576 235/577 239/555 238/554
f 233/578 234/579 238/551 237/550
f 249/580 250/581 242/582 241/583
f 250/584 251/585 243/586 242/587
f 251/588 252/589 244/590 243/591
f 252/592 249/593 241/594 244/595
f 241/596 242/597 243/598 244/599
f 248/600 247/601 246/602 245/603
f 248/604 245/605 249/593 252/592
f 247/606 248/607 252/589 251/588
f 246/608 247/609 251/585 250/584
f 245/610 246/611 250/612 249/613
f 239/614 240/615 249/616 250/617
f 240/558 232/561 241/618 249/619
f 232/565 231/564 242/620 241/621
f 231/556 239/555 250/622 242/623
f 253/624 254/625 256/626 255/627
f 255/628 256/629 258/630 257/631
f 257/631 258/630 260/632 259/633
f 259/634 260/635 262/636 261/637
f 261/637 262/636 264/638 263/639
f 263/640 264/641 266/642 265/643
f 254/644 268/645 276/646 269/647
f 267/648 268/649 254/625 253/624
f 265/643 266/642 268/650 267/651
f 253/652 255/653 257/654 259/655 261/656 263/657 265/658 267/659
f 269/660 276/661 284/662 277/663
f 268/645 266/664 275/665 276/646
f 266/664 264/666 274/667 275/665
f 264/666 262/668 273/669 274/667
f 262/668 260/670 272/671 273/669
f 260/670 258/672 271/673 272/671
f 258/672 256/674 270/675 271/673
f 256/674 254/644 269/647 270/675
f 277/676 284/677 292/678 285/679
f 276/680 275/681 283/682 284/683
f 275/681 274/684 282/685 283/682
f 274/686 273/687 281/688 282/689
f 273/687 272/690 280/691 281/688
f 272/692 271/693 279/694 280/695
f 271/693 270/696 278/697 279/694
f 270/698 269/660 277/663 278/699
f 285/700 292/701 300/702 293/703
f 284/677 283/704 291/705 292/678
f 283/704 282/706 290/707 291/705
f 282/706 281/708 289/709 290/707
f 281/708 280/710 288/711 289/709
f 280/710 279/712 287/713 288/711
f 279/712 278/714 286/715 287/713
f 278/714 277/676 285/679 286/715
f 297/716 744/717 299/718 298/719
f 292/720 291/721 299/722 300/723
f 291/721 290/724 298/725 299/722
f 290/726 289/727 297/728 298/729
f 289/727 288/730 296/731 297/728
f 288/732 287/733 295/734 296/735
f 287/733 286/736 294/737 295/734
f 286/738 285/700 293/703 294/739
f 310/740 314/741 315/742 312/743
f 313/744 310/740 312/743 316/745
f 320/746 311/747 309/748 317/749
f 314/750 310/751 309/752 318/753
f 304/754 303/755 461/756 460/757
f 313/758 316/759 320/760 317/761
f 311/747 319/762 318/763 309/748
f 312/764 315/765 319/766 311/767
f 315/768 314/769 318/770 319/771
f 333/772 358/773 369/774 368/775
f 357/776 336/777 344/778
f 325/779 324/780 354/781 353/782
f 324/780 323/783 355/784 354/781
f 344/778 336/777 343/785
f 358/786 364/787 322/788 323/789
f 335/790 336/777 321/791 363/792
f 352/793 372/794 373/795 349/796
f 364/797 363/792 321/791 322/798
f 328/799 351/800 350/801
f 328/799 329/802 360/803 327/804
f 348/805 347/806 340/807 339/808
f 377/809 348/810 339/811 378/812
f 347/806 346/813 341/814 340/807
f 382/815 353/816 348/810 377/809
f 354/781 355/784 346/817 347/818
f 356/819 357/776 344/778 345/820
f 355/784 356/821 345/822 346/817
f 353/782 354/781 347/818 348/823
f 359/824 362/825 324/826 325/827
f 380/828 359/824 325/827 381/829
f 327/804 326/830 352/793 351/800
f 323/783 322/831 356/821 355/784
f 360/803 361/832 326/830 327/804
f 350/801 349/796 338/833 337/834
f 345/820 344/778 343/785 342/835
f 346/813 345/836 342/837 341/814
f 351/800 352/793 349/796 350/801
f 322/798 321/791 357/776 356/819
f 321/791 336/777 357/776
f 328/799 327/804 351/800
f 381/838 325/839 353/816 382/815
f 328/799 350/801 337/834
f 329/802 330/840 361/832 360/803
f 379/841 331/842 359/824 380/828
f 331/842 418/843 398/844 402/845
f 359/824 331/842 402/845 400/846
f 332/847 362/825 399/848 401/849
f 362/850 332/851 367/852 370/853
f 349/796 373/795 374/854 338/833
f 370/855 369/856 365/857 366/858
f 367/859 368/860 369/856 370/855
f 324/861 362/850 370/853 366/862
f 332/863 333/864 368/865 367/866
f 358/773 323/867 365/868 369/774
f 323/869 324/870 366/871 365/872
f 326/873 376/874 372/875 352/876
f 330/877 375/878 371/879 361/880
f 361/880 371/879 376/881 326/882
f 375/878 379/841 380/828 371/879
f 376/874 381/883 382/884 372/875
f 371/879 380/828 381/829 376/881
f 372/794 382/815 377/809 373/795
f 373/795 377/809 378/812 374/854
f 328/799 389/885 419/886 329/802
f 333/887 417/888 423/889
f 387/890 412/891 413/892 386/893
f 386/893 413/892 414/894 385/895
f 333/896 427/897 428/898 417/899
f 417/888 385/900 384/901 423/889
f 335/790 422/902 383/903 336/777
f 411/904 408/905 432/906 431/907
f 423/908 384/909 383/903 422/902
f 362/825 359/824 400/846 399/848
f 328/799 410/910 389/885
f 407/911 339/808 340/807 406/912
f 436/913 378/812 339/811 407/914
f 406/912 340/807 341/814 405/915
f 441/916 436/913 407/914 412/917
f 413/892 406/918 405/919 414/894
f 415/920 404/921 403/922 416/923
f 414/894 405/919 404/924 415/925
f 412/891 407/926 406/918 413/892
f 418/843 387/927 386/928 421/929
f 439/930 440/931 387/927 418/843
f 389/885 410/910 411/904 388/932
f 385/895 414/894 415/925 384/933
f 419/886 389/885 388/932 420/934
f 409/935 337/834 338/833 408/905
f 403/922 343/785 336/777
f 405/915 341/814 342/837 404/936
f 410/910 409/935 408/905 411/904
f 384/909 415/920 416/923 383/903
f 333/937 364/787 358/786
f 418/843 421/929 437/938 398/844
f 440/939 441/916 412/917 387/940
f 328/799 337/834 409/935
f 329/802 419/886 420/934 330/840
f 379/841 439/930 418/843 331/842
f 432/906 374/854 378/812 436/913
f 332/941 426/942 427/943 333/944
f 333/945 335/790 363/792 364/797
f 421/929 332/847 401/849 437/938
f 404/936 342/837 343/946 403/947
f 429/948 425/949 424/950 428/951
f 426/952 429/948 428/951 427/953
f 386/954 425/955 429/956 421/957
f 421/957 429/956 426/958 332/959
f 417/899 428/898 424/960 385/961
f 385/962 424/950 425/949 386/963
f 388/964 411/965 431/966 435/967
f 330/877 420/968 430/969 375/878
f 420/968 388/970 435/971 430/969
f 375/878 430/969 439/930 379/841
f 435/967 431/966 441/972 440/973
f 430/969 435/971 440/931 439/930
f 431/907 432/906 436/913 441/916
f 399/848 400/846 396/974 397/975
f 416/923 403/922 336/777
f 400/846 402/845 391/976 396/974
f 328/799 409/935 410/910
f 383/903 416/923 336/777
f 408/905 338/833 374/854 432/906
f 333/945 423/908 422/902 335/790
f 391/977 433/978 334/979 438/980
f 390/981 397/982 395/983 434/984
f 398/844 437/938 392/985 433/986
f 437/938 401/849 390/987 392/985
f 402/845 398/844 433/986 391/976
f 401/849 399/848 397/975 390/987
f 438/988 334/989 393/990 434/991
f 438/988 434/991 395/992 394/993
f 392/994 390/981 434/984 393/995
f 396/996 391/977 438/980 394/997
f 433/998 392/999 393/1000 334/1001
f 397/1002 396/1003 394/1004 395/1005
f 446/1006 447/1007 443/1008 442/1009
f 447/1010 448/1011 444/1012 443/1013
f 448/1014 449/1015 445/1016 444/1017
f 449/1018 446/1019 442/1020 445/1021
f 442/1022 443/1023 444/1024 445/1025
f 449/1026 448/1027 447/1028 446/1029
f 454/1030 455/1017 451/1031 450/1032
f 455/1033 456/1034 452/1035 451/1036
f 456/1007 457/1037 453/1038 452/1039
f 457/1040 454/1041 450/1042 453/1043
f 450/1044 451/1045 452/1046 453/1047
f 457/1048 456/1049 455/1050 454/1051
f 316/1052 312/764 311/767 320/1053
f 306/1054 307/1055 308/1056 305/1057
f 302/1058 304/1059 305/1060 308/1061
f 301/1062 302/1063 308/1064 307/1065
f 303/1066 301/1067 307/1068 306/1069
f 310/740 313/744 301/1067 303/1066
f 313/758 317/761 302/1063 301/1062
f 317/749 309/748 304/1059 302/1058
f 309/1070 310/1071 303/1072 304/1073
f 460/1074 461/1075 458/1076 459/1077
f 305/1060 304/1059 460/1078 459/1079
f 303/1066 306/1069 458/1080 461/1081
f 306/1054 305/1057 459/1082 458/1083
f 462/1084 463/1085 465/1086 464/1087
f 464/1088 465/1089 467/1090 466/1091
f 466/1091 467/1090 469/1092 468/1093
f 468/1094 469/1095 471/1096 470/1097
f 470/1097 471/1096 473/1098 472/1099
f 472/1100 473/1101 475/1102 474/1103
f 463/1104 477/1105 485/1106 478/1107
f 476/1108 477/1109 463/1085 462/1084
f 474/1103 475/1102 477/1110 476/1111
f 462/1112 464/1113 466/1114 468/1115 470/1116 472/1117 474/1118 476/1119
f 478/1120 485/1121 493/1122 486/1123
f 477/1105 475/1124 484/1125 485/1106
f 475/1124 473/1126 483/1127 484/1125
f 473/1126 471/1128 482/1129 483/1127
f 471/1128 469/1130 481/1131 482/1129
f 469/1130 467/1132 480/1133 481/1131
f 467/1132 465/1134 479/1135 480/1133
f 465/1134 463/1104 478/1107 479/1135
f 486/1136 493/1137 501/1138 494/1139
f 485/1140 484/1141 492/1142 493/1143
f 484/1141 483/1144 491/1145 492/1142
f 483/1146 482/1147 490/1148 491/1149
f 482/1147 481/1150 489/1151 490/1148
f 481/1152 480/1153 488/1154 489/1155
f 480/1153 479/1156 487/1157 488/1154
f 479/1158 478/1120 486/1123 487/1159
f 494/1160 501/1161 509/1162 502/1163
f 493/1137 492/1164 500/1165 501/1138
f 492/1164 491/1166 499/1167 500/1165
f 491/1166 490/1168 498/1169 499/1167
f 490/1168 489/1170 497/1171 498/1169
f 489/1170 488/1172 496/1173 497/1171
f 488/1172 487/1174 495/1175 496/1173
f 487/1174 486/1136 494/1139 495/1175
f 506/1176 745/1177 508/1178 507/1179
f 501/1180 500/1181 508/1182 509/1183
f 500/1181 499/1184 507/1185 508/1182
f 499/1186 498/1187 506/1188 507/1189
f 498/1187 497/1190 505/1191 506/1188
f 497/1192 496/1193 504/1194 505/1195
f 496/1193 495/1196 503/1197 504/1194
f 495/1198 494/1160 502/1163 503/1199
f 548/1200 549/1201 551/1202 550/1203
f 536/1204 537/1205 539/1206 538/1207
f 512/1208 513/1209 515/1210 514/1211
f 543/1212 544/1213 546/1214 548/1215 550/1216 552/1217 554/1218 556/1219
f 534/1220 535/1221 537/1222 536/1223
f 514/1224 515/1225 517/1226 516/1227
f 552/1228 553/1229 555/1230 554/1231
f 532/1232 533/1233 535/1221 534/1220
f 516/1227 517/1226 519/1234 518/1235
f 511/1236 528/1237 530/1238 532/1239 534/1240 536/1241 538/1242 540/1243
f 530/1244 531/1245 533/1246 532/1247
f 518/1248 519/1249 521/1250 520/1251
f 538/1207 539/1206 541/1252 540/1253
f 528/1254 529/1255 531/1245 530/1244
f 520/1251 521/1250 523/1256 522/1257
f 540/1258 541/1259 510/1260 511/1261
f 511/1261 510/1260 529/1262 528/1263
f 522/1264 523/1265 525/1266 524/1267
f 525/1268 749/1269 513/1270 527/1271
f 526/1272 527/1273 513/1209 512/1208
f 524/1267 525/1266 527/1274 526/1275
f 550/1203 551/1202 553/1276 552/1277
f 529/1278 510/1279 541/1280 539/1281 537/1282 535/1283 533/1284 531/1285
f 512/1286 514/1287 516/1288 518/1289 520/1290 522/1291 524/1292 526/1293
f 546/1294 547/1295 549/1296 548/1297
f 554/1231 555/1230 557/1298 556/1299
f 544/1300 545/1301 547/1295 546/1294
f 556/1302 557/1303 542/1304 543/1305
f 543/1305 542/1304 545/1306 544/1307
f 551/1308 615/1309 555/1310 553/1311
f 565/1312 564/1313 562/1314 563/1315
f 571/1316 570/1317 568/1318 569/1319
f 572/1320 571/1321 569/1322 567/1323 565/1324 563/1325 561/1326 559/1327
f 563/1328 562/1329 560/1330 561/1331
f 569/1319 568/1318 566/1332 567/1333
f 567/1334 566/1335 564/1313 565/1312
f 561/1331 560/1330 558/1336 559/1337
f 572/1338 573/1339 570/1340 571/1341
f 564/1342 636/1343 560/1344 562/1345
f 559/1346 558/1347 573/1339 572/1338
f 580/1348 581/1349 583/1350 582/1351
f 588/1352 575/1353 590/1354 597/1355
f 584/1356 585/1357 587/1358 586/1359
f 582/1351 583/1350 585/1360 584/1361
f 578/1362 579/1363 581/1364 580/1365
f 586/1359 587/1358 589/1366 588/1367
f 576/1368 577/1369 579/1363 578/1362
f 588/1370 589/1371 574/1372 575/1373
f 575/1373 574/1372 577/1374 576/1375
f 583/1376 614/1377 587/1378 585/1379
f 597/1380 590/1381 598/1382 605/1383
f 586/1384 588/1352 597/1355 596/1385
f 584/1386 586/1384 596/1385 595/1387
f 575/1353 576/1388 591/1389 590/1354
f 580/1390 582/1391 594/1392 593/1393
f 576/1388 578/1394 592/1395 591/1389
f 582/1391 584/1386 595/1387 594/1392
f 578/1394 580/1390 593/1393 592/1395
f 598/1396 599/1397 600/1398 601/1399 602/1400 603/1401 604/1402 605/1403
f 596/1404 597/1405 605/1406 604/1407
f 595/1408 596/1404 604/1407 603/1409
f 590/1381 591/1410 599/1411 598/1382
f 593/1412 594/1413 602/1414 601/1415
f 591/1416 592/1417 600/1418 599/1419
f 594/1413 595/1420 603/1421 602/1414
f 592/1417 593/1422 601/1423 600/1418
f 610/1424 611/1425 607/1426 606/1427
f 611/1428 612/1429 608/1430 607/1431
f 612/1432 613/1433 609/1434 608/1435
f 613/1436 610/1437 606/1438 609/1439
f 606/1440 607/1441 608/1442 609/1443
f 613/1444 612/1445 611/1446 610/1447
f 587/1378 614/1377 574/1448 589/1449
f 579/1450 577/1451 574/1448 614/1377
f 583/1376 581/1452 579/1450 614/1377
f 555/1310 615/1309 542/1453 557/1454
f 547/1455 545/1456 542/1453 615/1309
f 551/1308 549/1457 547/1455 615/1309
f 620/1458 621/1459 617/1460 616/1461
f 624/1462 622/1463 618/1464 625/1465
f 622/1466 623/1467 619/1468 618/1469
f 626/1470 620/1471 616/1472 627/1473
f 627/1474 625/1475 618/1476 619/1477
f 626/1478 624/1479 621/1480 620/1481
f 623/1482 622/1483 624/1479 626/1478
f 616/1484 617/1485 625/1475 627/1474
f 623/1486 626/1470 627/1473 619/1487
f 621/1488 624/1462 625/1465 617/1489
f 630/1490 629/1491 633/1492 634/1493
f 628/1494 629/1495 630/1496 631/1497
f 568/1498 570/1499 573/1500 636/1343
f 631/1501 630/1502 634/1503 635/1504
f 628/1505 631/1506 635/1507 632/1508
f 560/1344 636/1343 573/1500 558/1509
f 635/1510 634/1511 633/1512 632/1513
f 564/1342 566/1514 568/1498 636/1343
f 658/1515 657/1516 649/1517 650/1518
f 638/1519 641/1520 645/1521 642/1522
f 653/1523 652/1524 651/1525 650/1526 649/1527 648/1528 647/1529 646/1530
f 656/1531 655/1532 647/1533 648/1534
f 659/1535 658/1536 650/1537 651/1538
f 669/1539 667/1540 656/1541 657/1542
f 640/1543 639/1544 643/1545 644/1546
f 672/1547 674/1548 677/1549 637/1550
f 668/1551 670/1552 672/1547 637/1550
f 655/1532 654/1553 646/1554 647/1533
f 676/1555 675/1556 660/1557 661/1558
f 675/1556 673/1559 659/1560 660/1557
f 673/1559 671/1561 658/1562 659/1560
f 645/1563 644/1564 643/1565 642/1566
f 660/1567 659/1535 651/1538 652/1568
f 639/1569 638/1570 642/1571 643/1572
f 661/1573 660/1574 652/1575 653/1576
f 641/1577 640/1578 644/1579 645/1580
f 675/1581 674/1582 672/1583 673/1584
f 663/1585 662/1586 677/1587 676/1588
f 676/1588 677/1587 674/1589 675/1590
f 671/1561 669/1539 657/1542 658/1562
f 654/1591 661/1573 653/1576 646/1592
f 667/1540 665/1593 655/1594 656/1541
f 668/1551 637/1550 664/1595 666/1596
f 665/1593 663/1597 654/1598 655/1594
f 673/1584 672/1583 670/1599 671/1600
f 667/1601 666/1602 664/1603 665/1604
f 663/1597 676/1555 661/1558 654/1598
f 665/1604 664/1603 662/1605 663/1606
f 669/1607 668/1608 666/1609 667/1610
f 671/1611 670/1612 668/1608 669/1607
f 638/1613 639/1614 640/1615 641/1616
f 664/1595 637/1550 677/1549 662/1617
f 657/1516 656/1618 648/1619 649/1517
f 629/1620 628/1621 632/1622 633/1623
f 694/1624 689/1625 691/1626 700/1627
f 696/1628 687/1629 689/1630 694/1631
f 699/1632 685/1633 687/1629 696/1628
f 679/1634 680/1635 682/1636 684/1637 686/1638 688/1639 690/1640 692/1641
f 695/1642 683/1643 685/1644 699/1645
f 700/1627 691/1626 693/1646 701/1647
f 697/1648 681/1649 683/1643 695/1642
f 701/1650 693/1651 678/1652 698/1653
f 698/1653 678/1652 681/1654 697/1655
f 687/1656 710/1657 691/1658 689/1659
f 709/1660 698/1653 697/1655 705/1661
f 708/1662 701/1650 698/1653 709/1660
f 705/1663 697/1648 695/1642 703/1664
f 707/1665 700/1627 701/1647 708/1666
f 703/1664 695/1642 699/1645 706/1667
f 706/1668 699/1632 696/1628 704/1669
f 704/1669 696/1628 694/1631 702/1670
f 702/1671 694/1624 700/1627 707/1665
f 688/1672 702/1671 707/1665 690/1673
f 686/1674 704/1669 702/1670 688/1675
f 684/1676 706/1668 704/1669 686/1674
f 682/1677 703/1664 706/1667 684/1678
f 690/1673 707/1665 708/1666 692/1679
f 680/1680 705/1663 703/1664 682/1677
f 692/1681 708/1662 709/1660 679/1682
f 679/1682 709/1660 705/1661 680/1683
f 691/1658 710/1657 678/1684 693/1685
f 683/1686 681/1687 678/1684 710/1657
f 687/1656 685/1688 683/1686 710/1657
f 714/1689 713/1690 717/1691 718/1692
f 713/1690 712/1693 716/1694 717/1691
f 712/1693 711/1695 715/1696 716/1694
f 718/1692 717/1691 721/1697 722/1698
f 717/1691 716/1694 720/1699 721/1697
f 716/1694 715/1696 719/1700 720/1699
f 722/1698 721/1697 726/1701 727/1702
f 721/1697 720/1699 725/1703 726/1701
f 720/1699 719/1700 724/1704 725/1703
f 727/1702 726/1701 730/1705 731/1706
f 726/1701 725/1703 729/1707 730/1705
f 725/1703 724/1704 728/1708 729/1707
f 731/1709 730/1710 734/1711 735/1712
f 730/1710 729/1713 733/1714 734/1711
f 729/1713 728/1715 732/1716 733/1714
f 735/1712 734/1711 738/1717 739/1718
f 734/1711 733/1714 737/1719 738/1717
f 733/1714 732/1716 736/1720 737/1719
f 739/1718 738/1717 742/1721 743/1722
f 738/1717 737/1719 741/1723 742/1721
f 737/1719 736/1720 740/1724 741/1723
f 711/1725 723/1726 715/1727
f 715/1696 723/1728 719/1700
f 719/1700 723/1728 724/1704
f 724/1729 723/1730 728/1731
f 728/1731 723/1730 732/1732
f 732/1716 723/1733 736/1720
f 736/1720 723/1733 740/1724
f 743/1722 742/1721 713/1734 714/1735
f 742/1721 741/1723 712/1736 713/1734
f 741/1723 740/1724 711/1737 712/1736
f 740/1738 723/1726 711/1725
f 299/718 744/717 293/1739 300/1740
f 293/1739 744/717 295/1741 294/1742
f 296/1743 295/1741 744/717 297/716
f 508/1178 745/1177 502/1744 509/1745
f 502/1744 745/1177 504/1746 503/1747
f 505/1748 504/1746 745/1177 506/1176
f 142/1749 148/1750 147/319 746/318
f 143/1751 141/1752 142/1749 746/318
f 145/317 144/1753 143/1751 746/318
f 177/1754 747/383 179/382 178/1755
f 176/1756 175/1757 747/383 177/1754
f 173/384 747/383 175/1757 174/1758
f 31/1759 748/1760 25/1761 32/1762
f 29/1763 748/1760 31/1759 30/1764
f 28/1765 27/1766 748/1760 29/1763
f 25/1761 748/1760 27/1766 26/1767
f 521/1768 749/1269 525/1268 523/1769
f 519/1770 517/1771 749/1269 521/1768
f 513/1270 749/1269 517/1771 515/1772
f 763/1773 762/1774 754/1775 755/1776
f 758/1777 757/1778 756/1779 755/1780 754/1781 753/1782 752/1783 751/1784
f 761/1785 760/1786 752/1787 753/1788
f 764/1789 763/1790 755/1791 756/1792
f 774/1793 772/1794 761/1795 762/1796
f 777/1797 779/1798 782/1799 750/1800
f 773/1801 775/1802 777/1797 750/1800
f 760/1786 759/1803 751/1804 752/1787
f 781/1805 780/1806 765/1807 766/1808
f 780/1806 778/1809 764/1810 765/1807
f 778/1809 776/1811 763/1812 764/1810
f 765/1813 764/1789 756/1792 757/1814
f 766/1815 765/1816 757/1817 758/1818
f 780/1819 779/1820 777/1821 778/1822
f 768/1823 767/1824 782/1825 781/1826
f 781/1826 782/1825 779/1827 780/1828
f 776/1811 774/1793 762/1796 763/1812
f 759/1829 766/1815 758/1818 751/1830
f 772/1794 770/1831 760/1832 761/1795
f 773/1801 750/1800 769/1833 771/1834
f 770/1831 768/1835 759/1836 760/1832
f 778/1822 777/1821 775/1837 776/1838
f 772/1839 771/1840 769/1841 770/1842
f 768/1835 781/1805 766/1808 759/1836
f 770/1842 769/1841 767/1843 768/1844
f 774/1845 773/1846 771/1847 772/1848
f 776/1849 775/1850 773/1846 774/1845
f 769/1833 750/1800 782/1799 767/1851
f 762/1774 761/1852 753/1853 754/1775
